1.6600 1.0900 831.4000 265.3000 252 17.9000 96 
1.6700 1.0890 830.3000 265.2000 253 17.9000 97 
1.6810 1.0880 829.1000 265.2000 254 17.9000 97 
1.6940 1.0860 827.8000 265.3000 255 17.9000 96 
1.7060 1.0830 826.5000 265.5000 255 17.9000 94 
1.7170 1.0810 825.3000 265.6000 256 17.9000 87 
1.7290 1.0790 824.1000 265.7000 257 17.9000 77 
1.7400 1.0780 822.9000 265.7000 257 17.9000 66 
1.7510 1.0770 821.7000 265.7000 258 17.9000 57 
1.7620 1.0750 820.6000 265.7000 258 17.9000 50 
1.7720 1.0740 819.5000 265.7000 259 17.9000 43 
1.7830 1.0730 818.4000 265.7000 260 17.9000 38 
1.7940 1.0710 817.2000 265.7000 260 18.0000 36 
1.8060 1.0700 815.9000 265.6000 261 18.0000 34 
1.8180 1.0690 814.7000 265.5000 262 18.1000 32 
1.8300 1.0670 813.5000 265.4000 262 18.1000 30 
1.8410 1.0660 812.3000 265.4000 263 18.2000 26 
1.8530 1.0650 811.1000 265.3000 264 18.3000 20 
1.8640 1.0630 809.9000 265.3000 264 18.4000 14 
1.8760 1.0620 808.7000 265.3000 264 18.5000 11 
1.8870 1.0610 807.5000 265.2000 265 18.6000 9 
1.8980 1.0590 806.4000 265.3000 265 18.7000 8 
1.9090 1.0570 805.2000 265.3000 265 18.7000 8 
1.9220 1.0560 803.9000 265.3000 266 18.8000 8 
1.9340 1.0540 802.7000 265.2000 266 18.9000 8 
1.9450 1.0530 801.5000 265.2000 266 19.0000 8 
1.9560 1.0510 800.4000 265.2000 266 19.1000 8 
1.9670 1.0500 799.2000 265.2000 267 19.1000 8 
1.9790 1.0490 798.0000 265.1000 267 19.2000 8 
1.9910 1.0480 796.8000 265.0000 267 19.3000 8 
2.0040 1.0460 795.5000 264.9000 268 19.3000 8 
2.0160 1.0450 794.2000 264.8000 268 19.4000 8 
2.0280 1.0430 793.0000 264.8000 269 19.5000 8 
2.0410 1.0420 791.7000 264.7000 269 19.6000 8 
2.0530 1.0410 790.4000 264.6000 269 19.6000 8 
2.0660 1.0390 789.1000 264.5000 270 19.7000 8 
2.0780 1.0380 787.9000 264.5000 270 19.8000 8 
2.0900 1.0360 786.6000 264.4000 270 19.8000 9 
2.1040 1.0360 785.3000 264.2000 270 19.9000 9 
2.1160 1.0340 784.0000 264.1000 271 19.9000 9 
2.1280 1.0330 782.8000 264.0000 271 20.0000 9 
2.1410 1.0320 781.5000 263.9000 271 20.0000 9 
2.1530 1.0300 780.3000 263.8000 271 20.1000 9 
2.1640 1.0290 779.2000 263.8000 271 20.2000 10 
2.1750 1.0280 778.0000 263.7000 271 20.2000 10 
2.1880 1.0270 776.8000 263.6000 271 20.3000 10 
2.1990 1.0250 775.6000 263.6000 271 20.4000 10 
2.2110 1.0240 774.5000 263.5000 271 20.4000 10 
2.2220 1.0220 773.3000 263.5000 272 20.5000 10 
2.2340 1.0210 772.1000 263.4000 272 20.6000 10 
2.2470 1.0190 770.8000 263.4000 272 20.7000 10 
2.2590 1.0180 769.6000 263.3000 272 20.7000 10 
2.2710 1.0170 768.5000 263.2000 272 20.8000 10 
2.2830 1.0160 767.3000 263.2000 272 20.9000 10 
2.2950 1.0140 766.0000 263.1000 272 20.9000 10 
2.3070 1.0130 764.8000 263.1000 272 21.0000 10 
2.3200 1.0120 763.6000 263.0000 272 21.1000 10 
2.3330 1.0100 762.3000 262.9000 272 21.2000 10 
2.3470 1.0090 760.9000 262.8000 272 21.3000 10 
2.3610 1.0070 759.5000 262.7000 272 21.4000 10 
2.3740 1.0060 758.2000 262.6000 272 21.6000 10 
2.3880 1.0050 756.9000 262.5000 272 21.7000 10 
2.4010 1.0030 755.6000 262.4000 272 21.8000 10 
2.4130 1.0020 754.4000 262.4000 272 22.0000 10 
2.4250 1.0000 753.2000 262.3000 272 22.1000 9 
2.4370 0.9990 752.1000 262.3000 272 22.3000 9 
2.4490 0.9980 750.8000 262.2000 272 22.4000 9 
2.4630 0.9960 749.5000 262.2000 272 22.5000 8 
2.4750 0.9940 748.3000 262.2000 271 22.6000 8 
2.4870 0.9930 747.1000 262.1000 271 22.7000 9 
2.4990 0.9910 745.9000 262.1000 271 22.8000 9 
2.5120 0.9900 744.7000 262.0000 271 22.9000 9 
2.5260 0.9890 743.4000 261.9000 271 23.0000 9 
2.5390 0.9880 742.1000 261.8000 270 23.1000 9 
2.5520 0.9860 740.9000 261.7000 270 23.2000 9 
2.5650 0.9850 739.6000 261.7000 270 23.3000 9 
2.5780 0.9830 738.3000 261.6000 270 23.4000 9 
2.5920 0.9820 737.0000 261.6000 270 23.5000 9 
2.6050 0.9800 735.7000 261.5000 269 23.6000 9 
2.6170 0.9790 734.5000 261.4000 269 23.7000 9 
2.6300 0.9770 733.3000 261.4000 269 23.8000 9 
2.6420 0.9760 732.1000 261.3000 269 23.9000 9 
2.6550 0.9750 731.0000 261.2000 269 23.9000 9 
2.6680 0.9730 729.7000 261.2000 269 24.0000 8 
2.6800 0.9720 728.5000 261.1000 269 24.0000 8 
2.6930 0.9710 727.3000 261.0000 269 24.0000 8 
2.7050 0.9700 726.1000 260.9000 269 24.0000 8 
2.7180 0.9680 724.9000 260.8000 269 24.0000 8 
2.7300 0.9670 723.7000 260.7000 269 24.0000 8 
2.7430 0.9660 722.6000 260.6000 269 23.9000 8 
2.7560 0.9650 721.3000 260.5000 269 24.0000 8 
2.7700 0.9630 720.0000 260.4000 269 24.0000 8 
2.7840 0.9620 718.7000 260.4000 269 24.0000 8 
2.7970 0.9600 717.4000 260.4000 269 24.1000 7 
2.8100 0.9590 716.2000 260.3000 269 24.1000 7 
2.8230 0.9570 715.0000 260.3000 269 24.2000 7 
2.8370 0.9550 713.7000 260.3000 269 24.3000 7 
2.8510 0.9540 712.4000 260.3000 269 24.5000 7 
2.8640 0.9520 711.1000 260.3000 269 24.6000 7 
2.8770 0.9510 710.0000 260.2000 268 24.7000 7 
2.8890 0.9490 708.8000 260.1000 268 24.8000 7 
2.9030 0.9480 707.6000 260.0000 268 24.9000 7 
2.9160 0.9470 706.3000 259.9000 268 25.0000 7 
2.9300 0.9450 705.0000 259.8000 268 25.1000 7 
2.9430 0.9440 703.8000 259.7000 268 25.1000 8 
2.9550 0.9430 702.7000 259.7000 267 25.2000 7 
2.9690 0.9410 701.5000 259.7000 267 25.2000 7 
2.9810 0.9400 700.3000 259.6000 267 25.3000 7 
2.9930 0.9380 699.2000 259.6000 266 25.3000 6 
3.0050 0.9370 698.1000 259.5000 266 25.4000 6 
3.0190 0.9360 696.8000 259.5000 266 25.4000 5 
3.0320 0.9340 695.6000 259.4000 265 25.5000 5 
3.0460 0.9330 694.3000 259.4000 265 25.5000 5 
3.0590 0.9310 693.1000 259.3000 265 25.6000 5 
3.0730 0.9300 691.9000 259.3000 265 25.7000 5 
3.0860 0.9280 690.7000 259.3000 264 25.7000 5 
3.0990 0.9260 689.5000 259.3000 264 25.8000 6 
3.1120 0.9250 688.4000 259.3000 264 25.8000 6 
3.1240 0.9240 687.2000 259.2000 264 25.8000 7 
3.1370 0.9220 686.1000 259.2000 264 25.9000 7 
3.1500 0.9210 684.9000 259.1000 264 25.9000 8 
3.1620 0.9190 683.8000 259.1000 264 25.9000 9 
3.1740 0.9180 682.7000 259.0000 264 25.9000 9 
3.1860 0.9170 681.6000 258.9000 264 25.9000 11 
3.1990 0.9160 680.5000 258.9000 265 25.9000 14 
3.2120 0.9140 679.4000 258.9000 265 25.9000 17 
3.2240 0.9130 678.2000 258.8000 265 26.0000 16 
3.2370 0.9110 677.1000 258.8000 265 26.0000 13 
3.2500 0.9100 675.9000 258.8000 265 26.1000 13 
3.2620 0.9080 674.9000 258.8000 266 26.2000 17 
3.2730 0.9070 673.8000 258.7000 266 26.2000 23 
3.2860 0.9060 672.8000 258.6000 266 26.4000 28 
3.2980 0.9050 671.7000 258.5000 267 26.5000 32 
3.3100 0.9040 670.6000 258.4000 267 26.6000 35 
3.3220 0.9030 669.5000 258.3000 267 26.8000 39 
3.3340 0.9020 668.5000 258.2000 268 26.9000 42 
3.3450 0.9000 667.5000 258.2000 268 27.1000 45 
3.3580 0.8990 666.4000 258.1000 268 27.2000 48 
3.3690 0.8980 665.3000 258.0000 268 27.4000 51 
3.3810 0.8970 664.4000 258.0000 269 27.5000 52 
3.3930 0.8950 663.2000 257.9000 269 27.7000 53 
3.4060 0.8940 662.1000 257.9000 269 27.9000 53 
3.4180 0.8930 661.1000 257.8000 269 28.0000 54 
3.4300 0.8920 660.0000 257.8000 269 28.2000 54 
3.4420 0.8900 659.0000 257.8000 269 28.3000 55 
3.4540 0.8890 657.9000 257.8000 269 28.5000 55 
3.4660 0.8880 656.9000 257.7000 270 28.7000 55 
3.4780 0.8870 655.8000 257.6000 270 28.8000 55 
3.4900 0.8860 654.8000 257.5000 270 29.0000 55 
3.5030 0.8840 653.6000 257.5000 270 29.2000 56 
3.5160 0.8830 652.6000 257.4000 270 29.4000 57 
3.5280 0.8810 651.5000 257.4000 270 29.6000 58 
3.5410 0.8800 650.4000 257.3000 270 29.7000 60 
3.5540 0.8790 649.3000 257.3000 270 29.9000 60 
3.5670 0.8780 648.2000 257.2000 269 30.1000 61 
3.5800 0.8760 647.0000 257.1000 269 30.2000 62 
3.5950 0.8750 645.8000 257.0000 269 30.4000 63 
3.6080 0.8740 644.6000 256.9000 269 30.5000 63 
3.6220 0.8730 643.5000 256.7000 268 30.5000 64 
3.6340 0.8720 642.4000 256.6000 268 30.6000 64 
3.6460 0.8710 641.3000 256.5000 268 30.6000 64 
3.6610 0.8690 640.1000 256.4000 268 30.6000 64 
3.6730 0.8680 639.1000 256.3000 267 30.7000 65 
3.6840 0.8670 638.1000 256.2000 267 30.6000 65 
3.6970 0.8660 637.0000 256.1000 267 30.6000 66 
3.7100 0.8650 635.9000 256.0000 267 30.6000 67 
3.7230 0.8640 634.8000 255.9000 267 30.7000 68 
3.7370 0.8620 633.7000 255.9000 267 30.7000 68 
3.7490 0.8610 632.6000 255.8000 267 30.7000 67 
3.7620 0.8600 631.6000 255.7000 267 30.8000 67 
3.7750 0.8580 630.4000 255.7000 267 30.9000 67 
3.7880 0.8570 629.4000 255.6000 267 31.0000 67 
3.8000 0.8560 628.3000 255.5000 267 31.2000 67 
3.8120 0.8550 627.3000 255.5000 267 31.4000 68 
3.8240 0.8540 626.3000 255.4000 267 31.5000 68 
3.8360 0.8530 625.3000 255.4000 268 31.7000 68 
3.8490 0.8510 624.3000 255.4000 268 32.0000 67 
3.8620 0.8500 623.2000 255.3000 268 32.2000 67 
3.8740 0.8490 622.1000 255.3000 269 32.4000 66 
3.8870 0.8470 621.1000 255.2000 269 32.6000 66 
3.9000 0.8460 620.0000 255.2000 269 32.8000 64 
3.9130 0.8450 618.9000 255.2000 270 33.0000 63 
3.9250 0.8430 617.9000 255.2000 270 33.3000 62 
3.9380 0.8420 616.8000 255.1000 270 33.5000 62 
3.9500 0.8410 615.8000 255.1000 271 33.7000 62 
3.9620 0.8390 614.9000 255.1000 271 33.9000 61 
3.9740 0.8380 613.9000 255.0000 271 34.1000 61 
3.9860 0.8370 612.9000 254.9000 272 34.3000 62 
3.9980 0.8360 611.9000 254.9000 272 34.4000 63 
4.0110 0.8350 610.8000 254.8000 272 34.6000 65 
4.0240 0.8330 609.8000 254.8000 273 34.8000 66 
4.0360 0.8320 608.8000 254.8000 273 35.0000 66 
4.0490 0.8310 607.8000 254.7000 273 35.2000 64 
4.0600 0.8300 606.9000 254.7000 273 35.4000 64 
4.0710 0.8290 606.0000 254.7000 273 35.6000 64 
4.0830 0.8270 605.0000 254.7000 273 35.7000 66 
4.0960 0.8260 603.9000 254.7000 273 35.9000 69 
4.1090 0.8240 602.8000 254.6000 273 36.0000 73 
4.1210 0.8230 601.9000 254.6000 273 36.2000 76 
4.1340 0.8220 600.9000 254.5000 273 36.3000 78 
4.1480 0.8210 599.8000 254.5000 273 36.4000 79 
4.1600 0.8190 598.7000 254.4000 273 36.6000 79 
4.1730 0.8180 597.7000 254.3000 272 36.7000 79 
4.1870 0.8170 596.6000 254.2000 272 36.8000 79 
4.1990 0.8160 595.7000 254.1000 272 36.9000 79 
4.2110 0.8150 594.7000 254.2000 272 37.1000 78 
4.2230 0.8130 593.7000 254.2000 272 37.2000 78 
4.2360 0.8120 592.7000 254.2000 272 37.4000 77 
4.2490 0.8100 591.7000 254.2000 272 37.6000 77 
4.2610 0.8090 590.7000 254.2000 271 37.8000 76 
4.2730 0.8080 589.7000 254.2000 271 37.9000 74 
4.2860 0.8060 588.7000 254.2000 271 38.1000 73 
4.2980 0.8060 587.8000 254.1000 271 38.3000 72 
4.3120 0.8040 586.7000 254.1000 271 38.5000 71 
4.3260 0.8030 585.6000 254.0000 270 38.7000 71 
4.3390 0.8020 584.6000 253.9000 270 38.9000 70 
4.3520 0.8000 583.5000 253.9000 270 39.0000 70 
4.3650 0.7990 582.5000 253.8000 270 39.2000 69 
4.3790 0.7980 581.4000 253.8000 269 39.3000 69 
4.3940 0.7960 580.2000 253.7000 269 39.4000 68 
4.4060 0.7950 579.3000 253.7000 269 39.5000 67 
4.4170 0.7940 578.4000 253.6000 269 39.6000 67 
4.4320 0.7930 577.3000 253.6000 269 39.7000 67 
4.4460 0.7910 576.1000 253.6000 269 39.7000 66 
4.4590 0.7900 575.2000 253.6000 269 39.8000 66 
4.4710 0.7880 574.2000 253.6000 268 39.8000 66 
4.4830 0.7870 573.3000 253.6000 268 39.8000 65 
4.4950 0.7860 572.4000 253.5000 268 39.9000 64 
4.5070 0.7850 571.5000 253.5000 268 39.9000 64 
4.5200 0.7840 570.4000 253.4000 268 40.0000 64 
4.5340 0.7830 569.4000 253.3000 267 40.0000 63 
4.5480 0.7820 568.3000 253.2000 267 40.0000 63 
4.5610 0.7810 567.3000 253.1000 267 40.0000 62 
4.5730 0.7800 566.4000 253.0000 267 40.0000 62 
4.5850 0.7780 565.5000 253.0000 267 40.0000 61 
4.5960 0.7770 564.6000 252.9000 266 39.9000 60 
4.6090 0.7770 563.7000 252.8000 266 39.8000 59 
4.6230 0.7750 562.6000 252.7000 266 39.7000 57 
4.6360 0.7740 561.6000 252.6000 266 39.6000 56 
4.6500 0.7730 560.6000 252.5000 266 39.4000 55 
4.6640 0.7720 559.5000 252.4000 266 39.2000 54 
4.6770 0.7710 558.5000 252.3000 266 39.0000 54 
4.6890 0.7700 557.6000 252.2000 266 38.8000 53 
4.7020 0.7690 556.6000 252.1000 266 38.5000 53 
4.7160 0.7680 555.6000 252.0000 266 38.3000 53 
4.7280 0.7670 554.6000 251.9000 267 38.1000 53 
4.7420 0.7660 553.6000 251.8000 267 38.0000 53 
4.7560 0.7650 552.6000 251.7000 267 37.8000 53 
4.7690 0.7640 551.6000 251.6000 267 37.7000 53 
4.7820 0.7630 550.6000 251.5000 268 37.6000 52 
4.7950 0.7610 549.6000 251.5000 268 37.6000 51 
4.8080 0.7600 548.7000 251.5000 268 37.6000 48 
4.8200 0.7590 547.8000 251.5000 269 37.6000 44 
4.8310 0.7580 546.9000 251.4000 269 37.6000 43 
4.8440 0.7570 546.0000 251.3000 269 37.6000 42 
4.8570 0.7560 545.0000 251.2000 270 37.7000 42 
4.8690 0.7550 544.1000 251.1000 270 37.7000 41 
4.8810 0.7540 543.2000 251.0000 271 37.8000 40 
4.8930 0.7530 542.3000 251.0000 271 37.9000 39 
4.9050 0.7520 541.5000 250.9000 271 37.9000 38 
4.9170 0.7510 540.6000 250.8000 272 38.0000 38 
4.9290 0.7500 539.7000 250.8000 272 38.0000 37 
4.9420 0.7490 538.8000 250.7000 273 38.1000 37 
4.9530 0.7470 537.9000 250.7000 273 38.2000 36 
4.9650 0.7470 537.1000 250.6000 273 38.2000 36 
4.9760 0.7460 536.2000 250.5000 274 38.3000 35 
4.9890 0.7440 535.3000 250.5000 274 38.4000 35 
5.0010 0.7430 534.4000 250.4000 274 38.6000 35 
5.0120 0.7430 533.6000 250.3000 274 38.7000 35 
5.0230 0.7420 532.8000 250.2000 274 38.9000 36 
5.0340 0.7410 532.0000 250.1000 274 39.1000 36 
5.0450 0.7400 531.2000 250.0000 274 39.3000 36 
5.0570 0.7390 530.4000 249.9000 274 39.5000 37 
5.0690 0.7380 529.5000 249.8000 274 39.7000 37 
5.0810 0.7370 528.6000 249.7000 274 40.0000 38 
5.0920 0.7360 527.8000 249.7000 274 40.3000 38 
5.1050 0.7350 526.9000 249.6000 274 40.5000 39 
5.1170 0.7350 526.1000 249.5000 274 40.8000 39 
5.1280 0.7340 525.2000 249.4000 274 41.1000 40 
5.1410 0.7330 524.3000 249.3000 274 41.4000 41 
5.1550 0.7310 523.3000 249.2000 274 41.6000 41 
5.1690 0.7300 522.3000 249.1000 273 41.9000 42 
5.1820 0.7290 521.3000 249.0000 273 42.1000 42 
5.1930 0.7290 520.6000 248.9000 273 42.4000 43 
5.2030 0.7280 519.9000 248.8000 274 42.6000 44 
5.2150 0.7270 519.1000 248.8000 274 42.8000 45 
5.2260 0.7260 518.2000 248.7000 274 42.9000 46 
5.2360 0.7250 517.5000 248.6000 274 43.0000 47 
5.2470 0.7240 516.7000 248.5000 274 43.2000 48 
5.2590 0.7230 515.9000 248.4000 274 43.3000 49 
5.2700 0.7230 515.1000 248.3000 274 43.3000 50 
5.2830 0.7220 514.2000 248.2000 274 43.4000 51 
5.2940 0.7210 513.4000 248.1000 274 43.5000 51 
5.3050 0.7200 512.6000 248.0000 274 43.6000 52 
5.3170 0.7190 511.8000 247.9000 274 43.6000 53 
5.3280 0.7180 511.0000 247.8000 274 43.7000 54 
5.3410 0.7170 510.1000 247.7000 274 43.9000 55 
5.3550 0.7160 509.1000 247.6000 274 44.0000 56 
5.3660 0.7150 508.3000 247.6000 274 44.1000 57 
5.3770 0.7140 507.6000 247.5000 274 44.2000 57 
5.3890 0.7130 506.7000 247.4000 274 44.3000 57 
5.4010 0.7120 505.9000 247.4000 274 44.3000 57 
5.4120 0.7110 505.1000 247.3000 274 44.4000 57 
5.4230 0.7100 504.3000 247.3000 274 44.4000 56 
5.4340 0.7100 503.6000 247.2000 274 44.4000 56 
5.4460 0.7090 502.8000 247.1000 274 44.4000 56 
5.4590 0.7080 501.9000 247.0000 274 44.4000 57 
5.4700 0.7070 501.1000 246.9000 274 44.4000 58 
5.4790 0.7060 500.4000 246.8000 274 44.3000 58 
5.4900 0.7060 499.7000 246.7000 274 44.3000 58 
5.5030 0.7050 498.8000 246.6000 274 44.2000 59 
5.5180 0.7030 497.8000 246.5000 274 44.2000 59 
5.5350 0.7020 496.6000 246.4000 274 44.2000 58 
5.5500 0.7010 495.6000 246.3000 274 44.2000 57 
5.5610 0.7000 494.8000 246.2000 274 44.2000 57 
5.5720 0.6990 494.1000 246.1000 273 44.3000 57 
5.5820 0.6990 493.4000 246.0000 273 44.4000 58 
5.5930 0.6980 492.6000 245.9000 273 44.5000 58 
5.6060 0.6970 491.7000 245.8000 273 44.6000 58 
5.6180 0.6960 490.9000 245.7000 273 44.7000 57 
5.6310 0.6950 490.0000 245.6000 273 44.8000 58 
5.6440 0.6940 489.1000 245.5000 273 44.9000 58 
5.6540 0.6930 488.5000 245.4000 273 45.1000 59 
5.6650 0.6930 487.7000 245.3000 273 45.2000 60 
5.6740 0.6920 487.1000 245.2000 273 45.3000 60 
5.6820 0.6910 486.6000 245.2000 273 45.4000 61 
5.6910 0.6910 485.9000 245.1000 273 45.5000 61 
5.7030 0.6900 485.2000 245.0000 273 45.6000 60 
5.7150 0.6890 484.3000 244.9000 273 45.6000 60 
5.7260 0.6880 483.6000 244.8000 273 45.6000 60 
5.7380 0.6870 482.8000 244.7000 273 45.5000 60 
5.7490 0.6870 482.1000 244.6000 273 45.5000 61 
5.7610 0.6860 481.2000 244.5000 273 45.4000 62 
5.7730 0.6850 480.4000 244.4000 273 45.2000 62 
5.7850 0.6840 479.6000 244.3000 273 45.1000 63 
5.7970 0.6830 478.8000 244.2000 273 45.0000 64 
5.8080 0.6820 478.1000 244.1000 273 44.8000 65 
5.8190 0.6820 477.4000 244.0000 273 44.7000 66 
5.8270 0.6810 476.8000 243.9000 273 44.6000 67 
5.8350 0.6800 476.3000 243.9000 273 44.5000 67 
5.8460 0.6790 475.5000 243.8000 273 44.4000 68 
5.8590 0.6790 474.7000 243.6000 273 44.4000 69 
5.8700 0.6780 474.0000 243.6000 273 44.4000 69 
5.8810 0.6770 473.2000 243.5000 273 44.4000 69 
5.8950 0.6760 472.3000 243.4000 273 44.5000 69 
5.9120 0.6750 471.2000 243.2000 273 44.6000 70 
5.9250 0.6740 470.3000 243.1000 273 44.7000 71 
5.9390 0.6730 469.4000 243.0000 273 44.9000 71 
5.9530 0.6720 468.5000 242.9000 273 45.0000 72 
5.9660 0.6710 467.6000 242.8000 272 45.2000 71 
5.9790 0.6700 466.8000 242.7000 272 45.3000 72 
5.9900 0.6690 466.0000 242.5000 272 45.4000 73 
6.0010 0.6690 465.3000 242.4000 272 45.5000 74 
6.0130 0.6680 464.5000 242.3000 272 45.6000 75 
6.0250 0.6670 463.7000 242.2000 272 45.6000 76 
6.0360 0.6660 463.0000 242.2000 272 45.6000 77 
6.0460 0.6650 462.4000 242.1000 272 45.7000 77 
6.0570 0.6640 461.6000 242.1000 272 45.7000 77 
6.0720 0.6630 460.7000 242.0000 272 45.7000 77 
6.0870 0.6620 459.7000 241.8000 271 45.8000 76 
6.0980 0.6620 459.0000 241.7000 271 45.8000 76 
6.1090 0.6600 458.2000 241.7000 271 45.9000 77 
6.1230 0.6590 457.4000 241.6000 271 46.0000 77 
6.1360 0.6580 456.5000 241.5000 271 46.1000 76 
6.1490 0.6580 455.7000 241.4000 271 46.3000 75 
6.1610 0.6570 454.9000 241.3000 271 46.4000 75 
6.1730 0.6560 454.1000 241.2000 271 46.6000 75 
6.1830 0.6550 453.5000 241.1000 270 46.7000 75 
6.1930 0.6540 452.8000 241.0000 270 46.9000 75 
6.2040 0.6540 452.1000 240.9000 270 47.0000 76 
6.2160 0.6530 451.4000 240.8000 270 47.1000 76 
6.2260 0.6520 450.7000 240.7000 270 47.2000 76 
6.2350 0.6510 450.1000 240.7000 270 47.3000 77 
6.2440 0.6510 449.6000 240.6000 270 47.3000 77 
6.2550 0.6500 448.9000 240.5000 269 47.4000 77 
6.2660 0.6490 448.2000 240.5000 269 47.4000 77 
6.2790 0.6480 447.4000 240.4000 269 47.5000 77 
6.2930 0.6470 446.5000 240.3000 269 47.5000 77 
6.3080 0.6460 445.5000 240.2000 269 47.5000 77 
6.3220 0.6450 444.6000 240.1000 269 47.6000 77 
6.3350 0.6440 443.8000 240.0000 269 47.7000 77 
6.3500 0.6430 442.9000 240.0000 269 47.7000 76 
6.3640 0.6420 441.9000 239.9000 268 47.8000 74 
6.3780 0.6410 441.1000 239.8000 268 47.9000 73 
6.3900 0.6400 440.3000 239.7000 268 48.0000 72 
6.4020 0.6390 439.6000 239.6000 268 48.1000 72 
6.4140 0.6380 438.9000 239.5000 269 48.2000 72 
6.4240 0.6370 438.2000 239.5000 269 48.3000 73 
6.4350 0.6370 437.5000 239.4000 269 48.5000 73 
6.4480 0.6360 436.7000 239.3000 269 48.7000 73 
6.4630 0.6340 435.8000 239.3000 269 48.8000 73 
6.4770 0.6330 434.9000 239.3000 270 49.0000 73 
6.4890 0.6320 434.1000 239.2000 270 49.2000 72 
6.5010 0.6310 433.4000 239.1000 270 49.3000 72 
6.5120 0.6310 432.7000 239.0000 270 49.5000 72 
6.5260 0.6300 431.9000 238.9000 271 49.6000 72 
6.5410 0.6290 431.0000 238.8000 271 49.7000 72 
6.5530 0.6280 430.2000 238.8000 271 49.8000 71 
6.5650 0.6270 429.5000 238.7000 271 49.9000 70 
6.5780 0.6260 428.7000 238.6000 271 49.9000 67 
6.5900 0.6250 427.9000 238.5000 271 50.0000 66 
6.6020 0.6240 427.2000 238.4000 271 50.0000 65 
6.6140 0.6230 426.5000 238.3000 271 50.0000 64 
6.6250 0.6220 425.8000 238.3000 271 50.1000 64 
6.6390 0.6220 424.9000 238.1000 271 50.1000 63 
6.6530 0.6210 424.1000 238.0000 271 50.2000 63 
6.6660 0.6200 423.3000 237.9000 271 50.3000 63 
6.6790 0.6190 422.5000 237.8000 271 50.5000 63 
6.6930 0.6180 421.7000 237.6000 271 50.6000 63 
6.7050 0.6170 420.9000 237.5000 271 50.8000 63 
6.7160 0.6170 420.3000 237.4000 271 50.9000 63 
6.7270 0.6160 419.6000 237.3000 272 51.1000 64 
6.7380 0.6150 418.9000 237.2000 272 51.3000 64 
6.7500 0.6140 418.2000 237.1000 272 51.4000 64 
6.7630 0.6140 417.4000 237.0000 272 51.4000 64 
6.7770 0.6130 416.6000 236.9000 272 51.5000 65 
6.7890 0.6120 415.8000 236.8000 273 51.5000 65 
6.8010 0.6110 415.2000 236.7000 273 51.4000 66 
6.8120 0.6100 414.5000 236.7000 273 51.4000 66 
6.8250 0.6090 413.7000 236.6000 273 51.3000 67 
6.8390 0.6080 412.9000 236.5000 273 51.2000 67 
6.8530 0.6070 412.0000 236.4000 273 51.2000 67 
6.8680 0.6060 411.2000 236.2000 273 51.2000 68 
6.8790 0.6060 410.5000 236.1000 273 51.1000 68 
6.8900 0.6050 409.9000 236.1000 273 51.2000 68 
6.9020 0.6040 409.2000 235.9000 273 51.2000 69 
6.9130 0.6040 408.5000 235.8000 273 51.3000 69 
6.9250 0.6030 407.8000 235.7000 273 51.3000 69 
6.9360 0.6020 407.1000 235.6000 272 51.4000 69 
6.9470 0.6010 406.5000 235.5000 272 51.5000 70 
6.9610 0.6000 405.7000 235.4000 272 51.5000 70 
6.9750 0.6000 404.8000 235.2000 272 51.6000 71 
6.9890 0.5990 404.0000 235.1000 272 51.6000 71 
7.0040 0.5980 403.1000 235.0000 272 51.6000 70 
7.0180 0.5970 402.3000 234.9000 271 51.6000 70 
7.0300 0.5960 401.6000 234.7000 271 51.6000 70 
7.0430 0.5950 400.9000 234.6000 271 51.7000 70 
7.0560 0.5940 400.1000 234.5000 271 51.7000 71 
7.0680 0.5940 399.4000 234.4000 270 51.8000 71 
7.0790 0.5930 398.7000 234.3000 270 51.9000 72 
7.0910 0.5920 398.1000 234.2000 270 52.1000 72 
7.1050 0.5910 397.3000 234.1000 270 52.3000 72 
7.1200 0.5900 396.4000 233.9000 270 52.5000 72 
7.1320 0.5900 395.7000 233.8000 269 52.8000 73 
7.1440 0.5890 395.0000 233.7000 269 53.0000 73 
7.1560 0.5880 394.3000 233.6000 269 53.2000 73 
7.1680 0.5870 393.6000 233.5000 269 53.4000 73 
7.1800 0.5860 392.9000 233.4000 269 53.5000 74 
7.1910 0.5860 392.3000 233.4000 269 53.6000 74 
7.2030 0.5850 391.6000 233.3000 269 53.6000 74 
7.2140 0.5840 390.9000 233.2000 269 53.6000 74 
7.2270 0.5830 390.2000 233.1000 269 53.6000 74 
7.2430 0.5820 389.3000 232.9000 269 53.5000 74 
7.2560 0.5820 388.6000 232.8000 269 53.5000 74 
7.2660 0.5810 388.0000 232.7000 269 53.4000 74 
7.2750 0.5800 387.5000 232.7000 269 53.3000 74 
7.2840 0.5800 387.0000 232.6000 269 53.2000 74 
7.2940 0.5790 386.4000 232.5000 269 53.2000 74 
7.3040 0.5780 385.8000 232.4000 269 53.1000 74 
7.3140 0.5780 385.3000 232.3000 269 53.2000 74 
7.3260 0.5770 384.6000 232.2000 269 53.2000 74 
7.3390 0.5760 383.8000 232.1000 269 53.3000 74 
7.3510 0.5750 383.1000 232.0000 270 53.4000 75 
7.3610 0.5750 382.6000 232.0000 270 53.5000 75 
7.3720 0.5740 382.0000 231.9000 270 53.6000 74 
7.3850 0.5730 381.3000 231.8000 270 53.6000 74 
7.3970 0.5720 380.6000 231.8000 270 53.7000 74 
7.4060 0.5720 380.1000 231.7000 270 53.8000 73 
7.4150 0.5710 379.6000 231.7000 270 53.9000 73 
7.4240 0.5700 379.1000 231.6000 271 53.9000 73 
7.4350 0.5690 378.4000 231.5000 271 53.9000 73 
7.4490 0.5690 377.7000 231.4000 271 54.0000 73 
7.4630 0.5680 376.9000 231.3000 271 54.0000 73 
7.4760 0.5670 376.2000 231.2000 271 54.1000 73 
7.4880 0.5660 375.5000 231.1000 271 54.2000 73 
7.5010 0.5650 374.8000 231.0000 272 54.2000 72 
7.5120 0.5650 374.2000 230.9000 272 54.4000 72 
7.5220 0.5640 373.6000 230.8000 272 54.5000 72 
7.5320 0.5630 373.1000 230.7000 272 54.7000 72 
7.5420 0.5630 372.5000 230.6000 272 54.8000 72 
7.5540 0.5620 371.9000 230.5000 272 55.0000 71 
7.5650 0.5610 371.3000 230.4000 272 55.2000 71 
7.5750 0.5610 370.7000 230.3000 273 55.4000 71 
7.5840 0.5600 370.2000 230.3000 273 55.6000 71 
7.5950 0.5590 369.6000 230.2000 273 55.8000 71 
7.6040 0.5590 369.1000 230.1000 273 56.0000 71 
7.6130 0.5580 368.6000 230.0000 273 56.2000 70 
7.6260 0.5580 367.9000 229.9000 274 56.3000 70 
7.6390 0.5570 367.2000 229.8000 274 56.4000 70 
7.6520 0.5560 366.5000 229.7000 274 56.5000 70 
7.6640 0.5550 365.8000 229.7000 275 56.5000 70 
7.6790 0.5540 365.0000 229.6000 275 56.5000 70 
7.6940 0.5530 364.2000 229.5000 275 56.5000 69 
7.7060 0.5520 363.6000 229.4000 275 56.5000 69 
7.7200 0.5510 362.8000 229.3000 275 56.5000 69 
7.7330 0.5500 362.1000 229.2000 275 56.4000 70 
7.7440 0.5500 361.5000 229.1000 275 56.4000 70 
7.7550 0.5490 360.9000 229.0000 275 56.3000 70 
7.7650 0.5490 360.4000 228.9000 275 56.2000 70 
7.7750 0.5480 359.8000 228.8000 275 56.1000 71 
7.7850 0.5470 359.3000 228.7000 275 56.1000 71 
7.7950 0.5470 358.7000 228.6000 275 56.0000 71 
7.8070 0.5460 358.1000 228.6000 275 56.0000 72 
7.8210 0.5450 357.4000 228.5000 275 55.9000 72 
7.8340 0.5440 356.7000 228.4000 275 55.9000 72 
7.8470 0.5430 356.0000 228.3000 275 55.9000 72 
7.8590 0.5430 355.4000 228.2000 275 56.0000 72 
7.8690 0.5420 354.8000 228.1000 275 56.0000 73 
7.8800 0.5410 354.2000 228.0000 275 56.1000 72 
7.8950 0.5400 353.4000 227.8000 275 56.1000 72 
7.9110 0.5400 352.6000 227.7000 275 56.2000 72 
7.9240 0.5390 351.9000 227.6000 275 56.3000 72 
7.9370 0.5380 351.2000 227.5000 275 56.5000 73 
7.9510 0.5370 350.5000 227.3000 275 56.6000 73 
7.9650 0.5360 349.7000 227.2000 275 56.7000 74 
7.9790 0.5350 349.0000 227.1000 275 56.9000 74 
7.9900 0.5350 348.4000 227.0000 275 57.0000 74 
7.9970 0.5340 348.0000 226.9000 275 57.1000 74 
8.0070 0.5340 347.5000 226.8000 275 57.2000 75 
8.0180 0.5330 347.0000 226.7000 276 57.3000 75 
8.0310 0.5320 346.3000 226.6000 276 57.4000 74 
8.0440 0.5320 345.6000 226.5000 276 57.4000 74 
8.0540 0.5310 345.1000 226.4000 276 57.4000 74 
8.0640 0.5310 344.6000 226.3000 276 57.4000 74 
8.0730 0.5300 344.1000 226.2000 277 57.4000 74 
8.0810 0.5300 343.7000 226.1000 277 57.4000 74 
8.0900 0.5290 343.2000 226.1000 277 57.3000 74 
8.1000 0.5280 342.7000 226.0000 277 57.3000 74 
8.1090 0.5280 342.2000 225.9000 277 57.2000 74 
8.1190 0.5270 341.7000 225.8000 277 57.1000 74 
8.1320 0.5270 341.1000 225.7000 278 57.0000 74 
8.1440 0.5260 340.4000 225.6000 278 56.9000 75 
8.1570 0.5250 339.8000 225.5000 278 56.8000 75 
8.1720 0.5240 339.0000 225.3000 278 56.7000 75 
8.1860 0.5230 338.3000 225.2000 278 56.6000 75 
8.1980 0.5230 337.7000 225.1000 278 56.5000 75 
8.2080 0.5220 337.2000 225.0000 278 56.4000 76 
8.2170 0.5220 336.7000 224.9000 278 56.3000 76 
8.2280 0.5210 336.1000 224.8000 278 56.2000 76 
8.2380 0.5200 335.6000 224.7000 278 56.1000 76 
8.2470 0.5200 335.1000 224.6000 278 56.0000 76 
8.2600 0.5190 334.5000 224.5000 278 55.9000 75 
8.2740 0.5180 333.8000 224.4000 279 55.9000 75 
8.2860 0.5170 333.1000 224.3000 279 55.9000 75 
8.2970 0.5170 332.6000 224.2000 279 55.9000 75 
8.3070 0.5160 332.1000 224.1000 279 55.9000 74 
8.3210 0.5150 331.4000 224.0000 279 56.0000 74 
8.3330 0.5150 330.8000 223.8000 280 56.1000 74 
8.3430 0.5140 330.3000 223.7000 280 56.1000 74 
8.3540 0.5140 329.7000 223.7000 280 56.2000 75 
8.3680 0.5130 329.0000 223.5000 280 56.3000 75 
8.3820 0.5120 328.3000 223.4000 280 56.4000 75 
8.3940 0.5110 327.7000 223.3000 280 56.5000 75 
8.4050 0.5110 327.2000 223.2000 280 56.5000 75 
8.4150 0.5100 326.7000 223.1000 280 56.6000 75 
8.4250 0.5090 326.1000 223.0000 279 56.6000 75 
8.4390 0.5090 325.5000 222.9000 279 56.7000 75 
8.4560 0.5080 324.6000 222.7000 279 56.7000 75 
8.4730 0.5070 323.7000 222.6000 279 56.8000 75 
8.4900 0.5060 322.9000 222.4000 279 56.8000 75 
8.5050 0.5050 322.2000 222.3000 279 56.9000 75 
8.5200 0.5040 321.4000 222.2000 279 56.9000 75 
8.5340 0.5030 320.8000 222.1000 279 56.9000 74 
8.5450 0.5030 320.2000 222.0000 279 57.0000 74 
8.5540 0.5020 319.8000 221.9000 279 57.0000 74 
8.5630 0.5020 319.3000 221.8000 279 57.0000 73 
8.5710 0.5010 318.9000 221.7000 279 57.0000 73 
8.5800 0.5010 318.5000 221.6000 279 57.1000 73 
8.5900 0.5000 318.0000 221.5000 278 57.0000 73 
8.6010 0.5000 317.5000 221.4000 278 57.0000 73 
8.6140 0.4990 316.8000 221.3000 278 57.0000 73 
8.6290 0.4980 316.1000 221.2000 278 57.0000 73 
8.6430 0.4970 315.4000 221.0000 278 56.9000 73 
8.6550 0.4970 314.8000 220.9000 278 56.9000 74 
8.6640 0.4960 314.4000 220.8000 279 56.8000 74 
8.6730 0.4960 313.9000 220.7000 279 56.8000 74 
8.6820 0.4950 313.5000 220.6000 279 56.7000 75 
8.6910 0.4950 313.1000 220.6000 279 56.7000 75 
8.7010 0.4940 312.6000 220.5000 279 56.7000 75 
8.7130 0.4930 312.0000 220.4000 279 56.6000 75 
8.7260 0.4920 311.4000 220.3000 279 56.6000 76 
8.7400 0.4920 310.7000 220.1000 279 56.6000 76 
8.7540 0.4910 310.0000 220.0000 279 56.6000 76 
8.7640 0.4900 309.5000 219.9000 279 56.6000 76 
8.7740 0.4900 309.1000 219.8000 279 56.6000 76 
8.7850 0.4890 308.5000 219.7000 279 56.6000 76 
8.7960 0.4890 308.0000 219.6000 279 56.6000 76 
8.8070 0.4880 307.5000 219.5000 279 56.6000 76 
8.8190 0.4870 306.9000 219.4000 279 56.6000 76 
8.8310 0.4870 306.3000 219.3000 279 56.7000 76 
8.8430 0.4860 305.8000 219.2000 279 56.7000 76 
8.8550 0.4850 305.2000 219.1000 279 56.7000 77 
8.8700 0.4850 304.5000 218.9000 279 56.7000 77 
8.8860 0.4840 303.7000 218.8000 280 56.8000 77 
8.8980 0.4830 303.2000 218.6000 280 56.8000 77 
8.9080 0.4830 302.7000 218.5000 280 56.8000 77 
8.9180 0.4820 302.2000 218.4000 280 56.9000 77 
8.9300 0.4810 301.6000 218.3000 280 56.9000 77 
8.9440 0.4810 301.0000 218.2000 281 56.9000 77 
8.9580 0.4800 300.3000 218.1000 281 56.9000 77 
8.9710 0.4790 299.7000 217.9000 281 56.9000 76 
8.9820 0.4790 299.2000 217.8000 281 56.8000 76 
8.9900 0.4780 298.8000 217.8000 281 56.8000 76 
9.0010 0.4770 298.3000 217.7000 281 56.7000 76 
9.0150 0.4770 297.7000 217.5000 281 56.5000 76 
9.0280 0.4760 297.0000 217.4000 281 56.4000 76 
9.0410 0.4750 296.4000 217.3000 281 56.3000 76 
9.0530 0.4750 295.9000 217.2000 281 56.1000 75 
9.0630 0.4740 295.4000 217.1000 281 56.0000 75 
9.0730 0.4740 294.9000 217.0000 281 55.9000 75 
9.0830 0.4730 294.5000 216.9000 281 55.7000 75 
9.0930 0.4720 294.0000 216.8000 281 55.6000 75 
9.1030 0.4720 293.5000 216.7000 281 55.6000 75 
9.1140 0.4710 293.0000 216.6000 281 55.5000 75 
9.1240 0.4710 292.6000 216.5000 281 55.5000 75 
9.1350 0.4700 292.1000 216.4000 281 55.4000 75 
9.1440 0.4700 291.7000 216.3000 281 55.4000 74 
9.1540 0.4690 291.2000 216.2000 282 55.4000 74 
9.1640 0.4690 290.8000 216.1000 282 55.4000 74 
9.1730 0.4680 290.3000 216.0000 282 55.4000 74 
9.1830 0.4670 289.8000 216.0000 282 55.4000 74 
9.1940 0.4670 289.4000 215.9000 282 55.4000 74 
9.2040 0.4660 288.9000 215.8000 282 55.4000 74 
9.2130 0.4660 288.5000 215.8000 283 55.4000 74 
9.2230 0.4650 288.0000 215.7000 283 55.4000 73 
9.2320 0.4650 287.6000 215.6000 283 55.4000 73 
9.2420 0.4640 287.2000 215.6000 283 55.4000 73 
9.2530 0.4640 286.7000 215.5000 283 55.4000 73 
9.2650 0.4630 286.1000 215.4000 284 55.4000 73 
9.2790 0.4620 285.5000 215.3000 284 55.3000 73 
9.2940 0.4610 284.8000 215.2000 284 55.2000 73 
9.3080 0.4600 284.2000 215.1000 284 55.1000 73 
9.3200 0.4600 283.6000 215.0000 285 54.9000 72 
9.3340 0.4590 283.0000 214.8000 285 54.7000 72 
9.3490 0.4580 282.3000 214.7000 285 54.4000 72 
9.3610 0.4570 281.8000 214.7000 285 54.1000 72 
9.3700 0.4570 281.4000 214.7000 285 53.8000 71 
9.3800 0.4560 280.9000 214.8000 285 53.4000 72 
9.3880 0.4550 280.6000 214.9000 285 52.9000 72 
9.3990 0.4540 280.1000 215.0000 285 52.5000 72 
9.4140 0.4530 279.4000 215.1000 285 52.0000 72 
9.4320 0.4510 278.6000 215.1000 285 51.6000 72 
9.4480 0.4500 277.9000 215.2000 285 51.1000 71 
9.4610 0.4490 277.4000 215.2000 285 50.6000 71 
9.4710 0.4490 276.9000 215.1000 284 50.1000 70 
9.4850 0.4480 276.3000 215.0000 284 49.7000 69 
9.5010 0.4470 275.6000 214.8000 284 49.2000 68 
9.5130 0.4460 275.1000 214.7000 283 48.8000 68 
9.5200 0.4460 274.7000 214.8000 283 48.4000 67 
9.5300 0.4450 274.3000 214.8000 282 47.9000 66 
9.5420 0.4440 273.8000 214.8000 282 47.5000 65 
9.5590 0.4430 273.0000 214.7000 281 47.1000 64 
9.5760 0.4420 272.3000 214.6000 280 46.7000 63 
9.5910 0.4410 271.7000 214.6000 280 46.4000 62 
9.6050 0.4400 271.1000 214.7000 279 46.1000 61 
9.6160 0.4390 270.6000 214.7000 279 45.8000 60 
9.6280 0.4380 270.1000 214.7000 278 45.6000 59 
9.6420 0.4370 269.5000 214.7000 277 45.5000 58 
9.6550 0.4370 268.9000 214.6000 277 45.4000 57 
9.6690 0.4360 268.3000 214.5000 276 45.3000 56 
9.6810 0.4350 267.8000 214.5000 275 45.4000 55 
9.6920 0.4340 267.4000 214.5000 274 45.4000 54 
9.7030 0.4330 266.9000 214.6000 273 45.5000 53 
9.7160 0.4320 266.3000 214.7000 272 45.7000 52 
9.7290 0.4310 265.8000 214.7000 271 45.8000 51 
9.7410 0.4300 265.2000 214.9000 271 46.0000 50 
9.7540 0.4290 264.7000 215.1000 270 46.2000 48 
9.7670 0.4270 264.2000 215.5000 269 46.5000 47 
9.7800 0.4250 263.6000 215.9000 268 46.7000 46 
9.7930 0.4240 263.1000 216.0000 268 46.9000 44 
9.8080 0.4230 262.5000 216.0000 267 47.1000 43 
9.8200 0.4230 262.0000 216.0000 267 47.2000 42 
9.8320 0.4220 261.5000 216.0000 267 47.4000 41 
9.8440 0.4210 261.0000 215.9000 266 47.6000 40 
9.8550 0.4200 260.5000 215.9000 266 47.7000 39 
9.8660 0.4200 260.1000 215.9000 266 47.9000 38 
9.8760 0.4190 259.7000 215.8000 266 48.0000 37 
9.8870 0.4190 259.2000 215.8000 266 48.1000 36 
9.8980 0.4180 258.8000 215.9000 266 48.2000 35 
9.9090 0.4170 258.3000 216.0000 266 48.3000 35 
9.9190 0.4160 257.9000 216.1000 266 48.5000 34 
9.9290 0.4150 257.5000 216.2000 267 48.6000 33 
9.9400 0.4140 257.1000 216.4000 267 48.7000 31 
9.9500 0.4130 256.6000 216.5000 267 48.8000 29 
9.9620 0.4120 256.1000 216.7000 267 48.9000 27 
9.9740 0.4110 255.7000 216.9000 268 49.1000 25 
9.9840 0.4100 255.3000 217.0000 268 49.2000 23 
9.9940 0.4090 254.9000 217.0000 268 49.3000 22 
10.0040 0.4080 254.4000 217.0000 269 49.4000 20 
10.0150 0.4080 254.0000 217.0000 269 49.5000 20 
10.0250 0.4070 253.6000 217.0000 269 49.6000 19 
10.0370 0.4070 253.1000 216.9000 270 49.6000 18 
10.0480 0.4060 252.7000 216.8000 270 49.6000 17 
10.0590 0.4050 252.3000 216.8000 271 49.6000 17 
10.0700 0.4050 251.8000 216.7000 271 49.5000 16 
10.0800 0.4040 251.4000 216.7000 272 49.4000 16 
10.0900 0.4040 251.0000 216.6000 273 49.2000 16 
10.1010 0.4030 250.6000 216.6000 273 48.9000 15 
10.1120 0.4020 250.2000 216.7000 274 48.6000 15 
10.1230 0.4010 249.7000 216.9000 275 48.2000 15 
10.1350 0.4000 249.3000 217.3000 276 47.8000 14 
10.1510 0.3980 248.6000 217.5000 276 47.3000 14 
10.1660 0.3970 248.0000 217.8000 277 46.7000 13 
10.1790 0.3960 247.5000 217.9000 278 46.1000 13 
10.1920 0.3950 247.1000 218.0000 278 45.5000 12 
10.2050 0.3940 246.5000 218.1000 279 44.8000 12 
10.2190 0.3930 246.0000 218.3000 279 44.1000 11 
10.2380 0.3910 245.3000 218.5000 280 43.3000 11 
10.2570 0.3900 244.6000 218.6000 280 42.6000 10 
10.2720 0.3890 244.0000 218.6000 280 41.9000 10 
10.2900 0.3880 243.3000 218.5000 280 41.2000 9 
10.3050 0.3870 242.7000 218.3000 281 40.6000 9 
10.3150 0.3870 242.3000 218.2000 281 40.0000 9 
10.3280 0.3860 241.8000 218.4000 281 39.4000 8 
10.3410 0.3850 241.4000 218.7000 281 38.9000 8 
10.3520 0.3840 240.9000 218.8000 281 38.5000 8 
10.3620 0.3830 240.6000 219.0000 281 38.1000 7 
10.3720 0.3820 240.2000 219.1000 281 37.7000 7 
10.3830 0.3810 239.8000 219.2000 281 37.4000 7 
10.3940 0.3810 239.4000 219.1000 281 37.1000 6 
10.4050 0.3800 239.0000 219.2000 281 36.9000 6 
10.4150 0.3790 238.6000 219.3000 281 36.7000 6 
10.4250 0.3780 238.2000 219.4000 281 36.4000 6 
10.4360 0.3770 237.8000 219.5000 281 36.2000 5 
10.4470 0.3770 237.4000 219.6000 280 36.0000 5 
10.4570 0.3760 237.0000 219.7000 280 35.8000 5 
10.4670 0.3750 236.6000 219.7000 280 35.6000 4 
10.4770 0.3750 236.3000 219.7000 280 35.4000 4 
10.4870 0.3740 235.9000 219.7000 280 35.3000 4 
10.4970 0.3740 235.6000 219.7000 280 35.1000 4 
10.5080 0.3730 235.1000 219.6000 280 35.0000 3 
10.5190 0.3720 234.7000 219.7000 280 34.9000 3 
10.5300 0.3720 234.4000 219.8000 280 34.8000 3 
10.5400 0.3710 234.0000 219.9000 280 34.8000 3 
10.5510 0.3700 233.6000 219.9000 280 34.7000 3 
10.5620 0.3700 233.2000 219.9000 280 34.7000 3 
10.5730 0.3690 232.8000 219.9000 280 34.6000 3 
10.5830 0.3680 232.4000 220.1000 280 34.6000 3 
10.5930 0.3670 232.1000 220.1000 280 34.5000 3 
10.6030 0.3670 231.7000 220.2000 280 34.5000 3 
10.6140 0.3660 231.3000 220.2000 281 34.4000 2 
10.6250 0.3650 230.9000 220.3000 281 34.2000 2 
10.6360 0.3640 230.5000 220.4000 281 34.1000 2 
10.6460 0.3640 230.2000 220.5000 281 33.9000 2 
10.6570 0.3630 229.8000 220.7000 281 33.7000 2 
10.6670 0.3620 229.4000 220.7000 281 33.5000 2 
10.6780 0.3620 229.0000 220.7000 282 33.3000 2 
10.6880 0.3610 228.7000 220.7000 282 33.0000 2 
10.6980 0.3610 228.3000 220.6000 282 32.6000 2 
10.7090 0.3600 227.9000 220.6000 282 32.3000 2 
10.7190 0.3600 227.6000 220.5000 281 31.9000 2 
10.7300 0.3590 227.2000 220.6000 281 31.5000 2 
10.7400 0.3580 226.8000 220.7000 281 31.1000 2 
10.7500 0.3580 226.5000 220.7000 280 30.7000 2 
10.7620 0.3570 226.1000 220.6000 280 30.3000 2 
10.7770 0.3560 225.5000 220.6000 279 29.9000 2 
10.7920 0.3550 225.0000 220.7000 279 29.4000 2 
10.8100 0.3540 224.4000 220.8000 278 29.0000 2 
10.8280 0.3530 223.8000 220.8000 277 28.6000 2 
10.8440 0.3520 223.2000 220.7000 276 28.3000 1 
10.8590 0.3520 222.7000 220.7000 276 27.9000 1 
10.8710 0.3510 222.3000 220.7000 275 27.6000 1 
10.8820 0.3500 221.9000 220.7000 274 27.3000 1 
10.8960 0.3500 221.4000 220.6000 274 27.0000 1 
10.9060 0.3490 221.1000 220.6000 273 26.8000 1 
10.9170 0.3490 220.7000 220.6000 272 26.6000 1 
10.9280 0.3480 220.3000 220.6000 272 26.4000 1 
10.9380 0.3480 220.0000 220.5000 272 26.2000 1 
10.9480 0.3470 219.6000 220.5000 271 26.0000 1 
10.9590 0.3470 219.3000 220.5000 271 25.9000 1 
10.9680 0.3460 219.0000 220.6000 271 25.8000 1 
10.9780 0.3450 218.6000 220.8000 270 25.8000 1 
10.9880 0.3440 218.3000 220.9000 270 25.7000 1 
10.9980 0.3440 217.9000 220.9000 269 25.7000 1 
11.0080 0.3430 217.6000 220.9000 269 25.8000 1 
11.0190 0.3430 217.3000 220.9000 269 25.8000 1 
11.0290 0.3420 216.9000 221.0000 268 25.9000 1 
11.0390 0.3410 216.6000 221.1000 268 26.0000 1 
11.0490 0.3410 216.3000 221.1000 268 26.2000 1 
11.0590 0.3400 215.9000 221.1000 267 26.3000 1 
11.0690 0.3400 215.6000 221.1000 267 26.5000 1 
11.0790 0.3390 215.2000 221.2000 267 26.7000 1 
11.0890 0.3380 214.9000 221.3000 267 26.9000 1 
11.0990 0.3380 214.6000 221.4000 266 27.1000 1 
11.1090 0.3370 214.2000 221.5000 266 27.3000 1 
11.1190 0.3360 213.9000 221.5000 266 27.5000 1 
11.1280 0.3360 213.6000 221.5000 266 27.7000 1 
11.1380 0.3360 213.3000 221.5000 266 27.9000 1 
11.1480 0.3350 213.0000 221.4000 266 28.1000 1 
11.1580 0.3350 212.7000 221.3000 266 28.3000 1 
11.1670 0.3340 212.3000 221.3000 266 28.5000 1 
11.1770 0.3340 212.0000 221.4000 266 28.6000 1 
11.1860 0.3330 211.7000 221.5000 266 28.8000 1 
11.1950 0.3330 211.4000 221.5000 266 29.0000 1 
11.2050 0.3320 211.1000 221.7000 267 29.1000 1 
11.2150 0.3310 210.8000 221.9000 267 29.2000 1 
11.2240 0.3310 210.5000 221.9000 267 29.3000 1 
11.2340 0.3300 210.2000 222.0000 268 29.4000 1 
11.2440 0.3290 209.9000 222.2000 268 29.5000 1 
11.2530 0.3280 209.6000 222.4000 268 29.6000 1 
11.2620 0.3280 209.3000 222.5000 269 29.6000 1 
11.2720 0.3270 209.0000 222.6000 269 29.7000 1 
11.2800 0.3270 208.7000 222.6000 270 29.7000 1 
11.2900 0.3260 208.4000 222.7000 270 29.7000 1 
11.3000 0.3250 208.1000 222.8000 271 29.6000 1 
11.3090 0.3250 207.8000 222.8000 271 29.6000 1 
11.3170 0.3240 207.5000 222.9000 271 29.5000 1 
11.3260 0.3240 207.2000 222.9000 272 29.5000 1 
11.3350 0.3240 206.9000 222.8000 272 29.4000 1 
11.3440 0.3230 206.6000 222.8000 272 29.3000 1 
11.3520 0.3230 206.4000 222.8000 273 29.3000 1 
11.3610 0.3220 206.1000 222.8000 273 29.2000 1 
11.3710 0.3220 205.8000 222.9000 273 29.1000 1 
11.3810 0.3210 205.5000 222.9000 273 29.0000 1 
11.3900 0.3210 205.2000 222.9000 274 28.9000 1 
11.4000 0.3200 204.9000 223.0000 274 28.8000 1 
11.4090 0.3200 204.6000 223.0000 275 28.6000 1 
11.4190 0.3190 204.3000 223.0000 275 28.5000 1 
11.4290 0.3190 204.0000 223.0000 275 28.3000 1 
11.4390 0.3180 203.7000 223.1000 276 28.1000 1 
11.4490 0.3170 203.3000 223.3000 276 27.9000 1 
11.4600 0.3170 203.0000 223.3000 277 27.6000 1 
11.4710 0.3160 202.7000 223.4000 277 27.4000 1 
11.4820 0.3160 202.3000 223.4000 278 27.1000 1 
11.4910 0.3150 202.0000 223.5000 278 26.9000 1 
11.5010 0.3140 201.8000 223.6000 279 26.6000 1 
11.5110 0.3140 201.4000 223.6000 279 26.3000 1 
11.5200 0.3130 201.1000 223.6000 280 26.1000 1 
11.5300 0.3130 200.9000 223.6000 280 25.8000 1 
11.5390 0.3130 200.6000 223.6000 280 25.5000 1 
11.5490 0.3120 200.3000 223.5000 281 25.3000 1 
11.5580 0.3120 200.0000 223.5000 281 25.1000 1 
11.5670 0.3110 199.7000 223.5000 281 24.9000 1 
11.5770 0.3110 199.4000 223.6000 281 24.6000 1 
11.5860 0.3100 199.1000 223.6000 281 24.4000 1 
11.5950 0.3100 198.8000 223.5000 282 24.2000 1 
11.6050 0.3090 198.5000 223.5000 282 24.0000 1 
11.6150 0.3090 198.2000 223.5000 282 23.8000 1 
11.6250 0.3090 197.9000 223.4000 282 23.6000 1 
11.6360 0.3080 197.6000 223.4000 282 23.5000 1 
11.6470 0.3080 197.3000 223.3000 282 23.3000 1 
11.6560 0.3080 197.0000 223.2000 282 23.1000 1 
11.6660 0.3070 196.7000 223.2000 282 22.9000 1 
11.6750 0.3070 196.4000 223.1000 282 22.8000 1 
11.6850 0.3060 196.1000 223.0000 282 22.6000 1 
11.6960 0.3060 195.8000 222.9000 281 22.4000 1 
11.7050 0.3060 195.5000 222.8000 281 22.2000 1 
11.7150 0.3060 195.3000 222.7000 281 22.0000 1 
11.7250 0.3050 194.9000 222.7000 281 21.8000 1 
11.7350 0.3050 194.7000 222.6000 280 21.6000 1 
11.7450 0.3040 194.4000 222.6000 280 21.4000 1 
11.7540 0.3040 194.1000 222.5000 280 21.2000 1 
11.7640 0.3040 193.8000 222.4000 280 21.0000 1 
11.7740 0.3030 193.5000 222.4000 279 20.8000 1 
11.7840 0.3030 193.2000 222.3000 279 20.6000 1 
11.7940 0.3020 192.9000 222.2000 279 20.3000 1 
11.8040 0.3020 192.6000 222.2000 278 20.1000 1 
11.8140 0.3020 192.3000 222.1000 278 20.0000 1 
11.8240 0.3010 192.0000 222.0000 278 19.8000 1 
11.8340 0.3010 191.7000 222.0000 278 19.6000 1 
11.8450 0.3010 191.4000 221.9000 278 19.4000 1 
11.8550 0.3000 191.1000 221.9000 277 19.3000 1 
11.8660 0.3000 190.8000 221.8000 277 19.2000 1 
11.8760 0.2990 190.5000 221.8000 277 19.1000 1 
11.8850 0.2990 190.2000 221.8000 278 19.0000 1 
11.8950 0.2980 189.9000 221.7000 278 19.0000 1 
11.9050 0.2980 189.6000 221.7000 278 19.0000 1 
11.9150 0.2980 189.3000 221.7000 278 19.0000 1 
11.9240 0.2970 189.1000 221.7000 278 19.0000 1 
11.9350 0.2970 188.8000 221.7000 279 19.1000 1 
11.9450 0.2960 188.5000 221.6000 279 19.2000 1 
11.9550 0.2960 188.2000 221.6000 279 19.4000 1 
11.9650 0.2960 187.9000 221.5000 279 19.5000 1 
11.9750 0.2950 187.6000 221.5000 279 19.6000 1 
11.9840 0.2950 187.3000 221.5000 279 19.8000 1 
11.9940 0.2940 187.0000 221.4000 279 19.9000 1 
12.0050 0.2940 186.7000 221.3000 279 20.0000 1 
12.0150 0.2940 186.4000 221.2000 279 20.1000 1 
12.0260 0.2930 186.1000 221.2000 279 20.1000 1 
12.0360 0.2930 185.8000 221.1000 279 20.1000 1 
12.0450 0.2920 185.6000 221.1000 279 20.1000 1 
12.0560 0.2920 185.3000 221.0000 279 20.0000 1 
12.0660 0.2920 185.0000 221.0000 279 19.9000 1 
12.0760 0.2910 184.7000 221.1000 278 19.7000 1 
12.0860 0.2900 184.4000 221.2000 278 19.6000 1 
12.0960 0.2900 184.1000 221.2000 278 19.4000 1 
12.1060 0.2900 183.8000 221.2000 277 19.2000 1 
12.1170 0.2890 183.5000 221.2000 277 19.0000 1 
12.1270 0.2890 183.2000 221.2000 276 18.8000 1 
12.1370 0.2880 182.9000 221.2000 276 18.7000 1 
12.1470 0.2880 182.7000 221.2000 275 18.5000 1 
12.1580 0.2870 182.4000 221.2000 275 18.4000 1 
12.1680 0.2870 182.1000 221.1000 274 18.3000 1 
12.1780 0.2860 181.8000 221.1000 274 18.2000 1 
12.1890 0.2860 181.5000 221.1000 273 18.2000 1 
12.1990 0.2860 181.2000 221.1000 272 18.2000 1 
12.2090 0.2850 180.9000 221.1000 272 18.3000 1 
12.2200 0.2850 180.6000 221.0000 271 18.3000 1 
12.2310 0.2840 180.3000 220.9000 270 18.4000 1 
12.2410 0.2840 180.0000 220.9000 270 18.5000 1 
12.2510 0.2840 179.7000 220.8000 269 18.6000 1 
12.2620 0.2830 179.5000 220.8000 268 18.8000 1 
12.2720 0.2830 179.2000 220.7000 268 18.9000 1 
12.2830 0.2820 178.9000 220.7000 267 19.1000 1 
12.2940 0.2820 178.6000 220.7000 267 19.2000 1 
12.3040 0.2810 178.3000 220.7000 266 19.4000 1 
12.3140 0.2810 178.0000 220.8000 266 19.5000 1 
12.3230 0.2800 177.8000 220.9000 265 19.7000 1 
12.3330 0.2800 177.5000 221.0000 265 19.8000 1 
12.3440 0.2790 177.2000 221.1000 264 19.9000 1 
12.3540 0.2790 176.9000 221.3000 264 20.0000 1 
12.3640 0.2780 176.6000 221.4000 264 20.1000 1 
12.3740 0.2780 176.4000 221.3000 263 20.1000 1 
12.3850 0.2770 176.1000 221.3000 263 20.2000 1 
12.3950 0.2770 175.8000 221.3000 263 20.2000 1 
12.4050 0.2760 175.5000 221.2000 263 20.2000 1 
12.4150 0.2760 175.3000 221.1000 262 20.2000 1 
12.4250 0.2760 175.0000 221.1000 262 20.2000 1 
12.4350 0.2750 174.7000 221.0000 262 20.3000 1 
12.4450 0.2750 174.4000 220.9000 262 20.3000 1 
12.4560 0.2750 174.2000 220.9000 262 20.4000 1 
12.4660 0.2740 173.9000 220.8000 262 20.5000 1 
12.4760 0.2740 173.6000 220.8000 263 20.6000 1 
12.4870 0.2730 173.3000 220.8000 263 20.8000 1 
12.4980 0.2730 173.0000 220.8000 263 21.0000 1 
12.5100 0.2720 172.7000 221.0000 264 21.2000 1 
12.5200 0.2720 172.4000 221.1000 264 21.4000 1 
12.5310 0.2710 172.1000 221.1000 265 21.6000 1 
12.5410 0.2710 171.9000 221.1000 265 21.8000 1 
12.5510 0.2700 171.6000 221.1000 265 21.9000 1 
12.5610 0.2700 171.3000 221.1000 265 22.1000 1 
12.5710 0.2700 171.1000 221.0000 265 22.3000 1 
12.5810 0.2690 170.8000 221.1000 266 22.4000 1 
12.5920 0.2680 170.5000 221.3000 266 22.5000 1 
12.6030 0.2680 170.2000 221.6000 266 22.6000 1 
12.6120 0.2670 170.0000 221.6000 266 22.7000 1 
12.6220 0.2670 169.7000 221.6000 266 22.8000 1 
12.6320 0.2660 169.5000 221.7000 266 22.8000 1 
12.6420 0.2660 169.2000 221.7000 266 22.9000 1 
12.6530 0.2650 168.9000 221.8000 266 22.9000 1 
12.6630 0.2650 168.7000 221.9000 266 23.0000 1 
12.6720 0.2640 168.4000 222.0000 266 23.0000 1 
12.6820 0.2640 168.2000 221.9000 266 23.1000 1 
12.6920 0.2640 167.9000 221.9000 266 23.1000 1 
12.7020 0.2630 167.7000 221.9000 266 23.1000 1 
12.7120 0.2630 167.4000 222.0000 267 23.2000 1 
12.7220 0.2620 167.1000 222.0000 267 23.2000 1 
12.7330 0.2620 166.9000 222.0000 267 23.3000 1 
12.7440 0.2610 166.6000 222.0000 267 23.3000 1 
12.7540 0.2610 166.3000 222.0000 267 23.3000 1 
12.7630 0.2610 166.1000 222.1000 267 23.3000 1 
12.7730 0.2600 165.8000 222.2000 268 23.3000 1 
12.7820 0.2600 165.6000 222.3000 268 23.3000 1 
12.7920 0.2590 165.4000 222.3000 268 23.2000 1 
12.8010 0.2590 165.1000 222.3000 268 23.2000 1 
12.8100 0.2580 164.9000 222.3000 268 23.1000 1 
12.8200 0.2580 164.6000 222.4000 268 23.0000 1 
12.8300 0.2570 164.4000 222.7000 269 22.9000 1 
12.8390 0.2570 164.2000 222.9000 269 22.8000 1 
12.8480 0.2560 163.9000 222.9000 269 22.7000 1 
12.8580 0.2560 163.7000 222.9000 269 22.6000 1 
12.8670 0.2560 163.5000 222.9000 270 22.4000 1 
12.8760 0.2550 163.2000 223.0000 270 22.3000 1 
12.8850 0.2540 163.0000 223.2000 270 22.2000 1 
12.8950 0.2540 162.8000 223.2000 270 22.1000 1 
12.9040 0.2540 162.5000 223.2000 270 22.1000 1 
12.9130 0.2530 162.3000 223.4000 270 22.0000 1 
12.9230 0.2530 162.1000 223.4000 270 21.9000 1 
12.9330 0.2520 161.8000 223.5000 270 21.9000 1 
12.9420 0.2520 161.6000 223.6000 271 21.8000 1 
12.9530 0.2510 161.3000 223.6000 271 21.7000 1 
12.9630 0.2510 161.1000 223.5000 271 21.7000 1 
12.9740 0.2510 160.8000 223.5000 271 21.6000 1 
12.9840 0.2500 160.6000 223.4000 271 21.5000 1 
12.9950 0.2500 160.3000 223.3000 271 21.4000 1 
13.0060 0.2500 160.0000 223.4000 271 21.3000 1 
13.0160 0.2490 159.8000 223.4000 271 21.1000 1 
13.0260 0.2490 159.5000 223.4000 271 20.9000 1 
13.0370 0.2480 159.3000 223.4000 272 20.8000 1 
13.0470 0.2480 159.0000 223.3000 272 20.6000 1 
13.0570 0.2480 158.8000 223.3000 272 20.4000 1 
13.0670 0.2470 158.5000 223.2000 272 20.3000 1 
13.0770 0.2470 158.3000 223.2000 272 20.1000 1 
13.0860 0.2470 158.1000 223.1000 272 19.9000 1 
13.0960 0.2470 157.8000 223.0000 272 19.7000 1 
13.1060 0.2460 157.6000 222.9000 272 19.6000 1 
13.1160 0.2460 157.4000 222.8000 272 19.4000 1 
13.1260 0.2460 157.1000 222.7000 272 19.3000 1 
13.1350 0.2450 156.9000 222.7000 272 19.1000 1 
13.1450 0.2450 156.7000 222.6000 272 19.0000 1 
13.1550 0.2450 156.4000 222.5000 271 18.9000 1 
13.1640 0.2450 156.2000 222.4000 271 18.7000 1 
13.1730 0.2450 156.0000 222.3000 271 18.6000 1 
13.1820 0.2440 155.8000 222.3000 270 18.4000 1 
13.1910 0.2440 155.6000 222.2000 270 18.3000 1 
13.2010 0.2440 155.3000 222.1000 269 18.2000 1 
13.2100 0.2430 155.1000 222.1000 269 18.0000 1 
13.2190 0.2430 154.9000 222.0000 268 17.9000 1 
13.2290 0.2430 154.6000 222.0000 267 17.8000 1 
13.2380 0.2420 154.4000 222.0000 266 17.7000 1 
13.2470 0.2420 154.2000 221.9000 265 17.6000 1 
13.2560 0.2420 154.0000 221.9000 265 17.5000 1 
13.2650 0.2410 153.8000 221.9000 264 17.4000 1 
13.2750 0.2410 153.6000 221.8000 263 17.4000 1 
13.2840 0.2410 153.3000 221.8000 262 17.3000 1 
13.2930 0.2410 153.1000 221.8000 261 17.4000 1 
13.3020 0.2400 152.9000 221.8000 261 17.4000 1 
13.3120 0.2400 152.7000 221.8000 260 17.4000 1 
13.3220 0.2390 152.4000 221.9000 260 17.5000 1 
13.3310 0.2390 152.2000 222.0000 259 17.6000 1 
13.3400 0.2390 152.0000 222.0000 259 17.7000 1 
13.3500 0.2380 151.8000 222.2000 259 17.9000 1 
13.3590 0.2370 151.6000 222.5000 259 18.0000 1 
13.3680 0.2370 151.4000 222.9000 259 18.1000 1 
13.3770 0.2360 151.2000 223.1000 259 18.3000 1 
13.3850 0.2360 151.0000 223.1000 259 18.4000 1 
13.3950 0.2350 150.8000 223.2000 259 18.5000 1 
13.4040 0.2350 150.5000 223.3000 259 18.6000 1 
13.4140 0.2340 150.3000 223.4000 259 18.7000 1 
13.4230 0.2340 150.1000 223.4000 259 18.8000 1 
13.4320 0.2340 149.9000 223.4000 259 18.9000 1 
13.4410 0.2330 149.7000 223.4000 259 18.9000 1 
13.4500 0.2330 149.5000 223.5000 259 18.9000 1 
13.4590 0.2330 149.3000 223.5000 258 19.0000 1 
13.4680 0.2320 149.1000 223.5000 258 19.0000 1 
13.4780 0.2320 148.9000 223.5000 257 19.0000 1 
13.4870 0.2320 148.6000 223.6000 257 19.0000 1 
13.4980 0.2310 148.4000 223.7000 257 19.0000 1 
13.5070 0.2310 148.2000 223.8000 256 19.0000 1 
13.5160 0.2300 148.0000 224.0000 256 19.0000 1 
13.5260 0.2300 147.8000 224.1000 256 19.0000 1 
13.5350 0.2290 147.6000 224.1000 256 19.0000 1 
13.5450 0.2290 147.3000 224.0000 256 19.0000 1 
13.5550 0.2290 147.1000 223.9000 256 19.0000 1 
13.5650 0.2290 146.9000 223.9000 256 18.9000 1 
13.5750 0.2280 146.7000 223.9000 257 18.9000 1 
13.5860 0.2280 146.4000 223.8000 258 18.8000 1 
13.5980 0.2270 146.1000 223.9000 259 18.8000 1 
13.6100 0.2270 145.9000 224.0000 260 18.7000 1 
13.6240 0.2260 145.6000 224.2000 261 18.6000 1 
13.6370 0.2260 145.3000 224.3000 262 18.5000 1 
13.6480 0.2250 145.0000 224.3000 264 18.4000 1 
13.6600 0.2250 144.8000 224.3000 265 18.3000 1 
13.6710 0.2240 144.5000 224.4000 266 18.2000 1 
13.6820 0.2240 144.3000 224.4000 267 18.1000 1 
13.6930 0.2240 144.0000 224.3000 269 18.0000 1 
13.7040 0.2230 143.8000 224.3000 270 17.8000 1 
13.7140 0.2230 143.6000 224.3000 271 17.7000 1 
13.7250 0.2230 143.4000 224.3000 272 17.6000 1 
13.7340 0.2220 143.1000 224.3000 273 17.5000 1 
13.7440 0.2220 142.9000 224.4000 274 17.3000 1 
13.7540 0.2220 142.7000 224.4000 275 17.3000 1 
13.7640 0.2210 142.5000 224.3000 276 17.2000 1 
13.7740 0.2210 142.3000 224.3000 277 17.1000 1 
13.7830 0.2210 142.1000 224.3000 278 17.0000 1 
13.7930 0.2200 141.9000 224.3000 278 17.0000 1 
13.8030 0.2200 141.7000 224.3000 279 16.9000 1 
13.8140 0.2200 141.4000 224.3000 280 16.9000 1 
13.8250 0.2190 141.2000 224.2000 280 16.9000 1 
13.8350 0.2190 141.0000 224.1000 281 16.8000 1 
13.8450 0.2190 140.8000 224.1000 282 16.8000 1 
13.8550 0.2190 140.5000 224.0000 282 16.7000 1 
13.8660 0.2180 140.3000 224.0000 283 16.6000 1 
13.8760 0.2180 140.1000 224.0000 283 16.5000 1 
13.8870 0.2180 139.9000 224.0000 284 16.3000 1 
13.8980 0.2170 139.6000 223.9000 284 16.2000 1 
13.9080 0.2170 139.4000 224.0000 284 16.0000 1 
13.9180 0.2160 139.2000 224.1000 284 15.8000 1 
13.9290 0.2160 139.0000 224.2000 284 15.5000 1 
13.9400 0.2160 138.7000 224.2000 284 15.3000 1 
13.9500 0.2150 138.5000 224.2000 284 15.1000 1 
13.9610 0.2150 138.3000 224.1000 284 14.9000 1 
13.9720 0.2150 138.0000 224.1000 283 14.7000 1 
13.9830 0.2140 137.8000 224.1000 283 14.5000 1 
13.9930 0.2140 137.6000 224.0000 282 14.3000 1 
14.0040 0.2140 137.4000 224.0000 282 14.2000 1 
14.0140 0.2140 137.2000 223.9000 281 14.0000 1 
14.0240 0.2130 137.0000 223.9000 281 13.9000 1 
14.0340 0.2130 136.7000 223.8000 280 13.8000 1 
14.0450 0.2130 136.5000 223.8000 279 13.8000 1 
14.0550 0.2120 136.3000 223.7000 278 13.7000 1 
14.0660 0.2120 136.1000 223.6000 278 13.7000 1 
14.0770 0.2120 135.9000 223.6000 277 13.7000 1 
14.0880 0.2110 135.6000 223.5000 276 13.8000 1 
14.0990 0.2110 135.4000 223.4000 276 13.8000 1 
14.1100 0.2110 135.2000 223.3000 275 13.9000 1 
14.1210 0.2110 134.9000 223.2000 274 13.9000 1 
14.1320 0.2100 134.7000 223.2000 274 14.0000 1 
14.1430 0.2100 134.5000 223.1000 273 14.2000 1 
14.1540 0.2100 134.3000 223.1000 273 14.3000 1 
14.1660 0.2090 134.0000 223.0000 272 14.4000 1 
14.1770 0.2090 133.8000 222.9000 271 14.6000 1 
14.1880 0.2090 133.6000 222.9000 271 14.7000 1 
14.1980 0.2090 133.4000 222.9000 271 14.9000 1 
14.2090 0.2080 133.1000 222.8000 270 15.0000 1 
14.2210 0.2080 132.9000 222.8000 270 15.1000 1 
14.2330 0.2080 132.7000 222.8000 270 15.3000 1 
14.2450 0.2070 132.4000 222.7000 270 15.4000 1 
14.2560 0.2070 132.2000 222.7000 270 15.5000 1 
14.2680 0.2060 131.9000 222.7000 271 15.6000 1 
14.2790 0.2060 131.7000 222.6000 271 15.6000 1 
14.2910 0.2060 131.5000 222.6000 271 15.7000 1 
14.3030 0.2050 131.2000 222.6000 272 15.7000 1 
14.3160 0.2050 131.0000 222.7000 273 15.7000 1 
14.3280 0.2040 130.7000 222.8000 274 15.6000 1 
14.3390 0.2040 130.5000 222.8000 275 15.6000 1 
14.3510 0.2040 130.3000 222.7000 276 15.5000 1 
14.3620 0.2030 130.0000 222.7000 277 15.4000 1 
14.3740 0.2030 129.8000 222.6000 278 15.3000 1 
14.3860 0.2030 129.6000 222.5000 279 15.1000 1 
14.3970 0.2030 129.4000 222.4000 280 15.0000 1 
14.4090 0.2020 129.1000 222.4000 282 14.9000 1 
14.4210 0.2020 128.9000 222.3000 283 14.8000 1 
14.4330 0.2020 128.6000 222.3000 284 14.7000 1 
14.4460 0.2010 128.4000 222.3000 285 14.6000 1 
14.4580 0.2010 128.1000 222.2000 286 14.5000 1 
14.4690 0.2010 127.9000 222.1000 288 14.4000 1 
14.4820 0.2000 127.7000 222.0000 288 14.3000 1 
14.4940 0.2000 127.4000 221.9000 289 14.3000 1 
14.5080 0.2000 127.2000 221.8000 290 14.3000 1 
14.5200 0.1990 126.9000 221.7000 290 14.2000 1 
14.5310 0.1990 126.7000 221.6000 290 14.2000 1 
14.5420 0.1990 126.5000 221.6000 290 14.2000 1 
14.5520 0.1990 126.3000 221.6000 290 14.2000 1 
14.5630 0.1980 126.1000 221.5000 289 14.2000 1 
14.5740 0.1980 125.9000 221.4000 288 14.2000 1 
14.5850 0.1980 125.7000 221.3000 288 14.3000 1 
14.5970 0.1970 125.4000 221.3000 287 14.3000 1 
14.6070 0.1970 125.2000 221.2000 286 14.4000 1 
14.6170 0.1970 125.0000 221.2000 285 14.5000 1 
14.6280 0.1970 124.8000 221.2000 284 14.6000 1 
14.6400 0.1960 124.6000 221.2000 284 14.7000 1 
14.6510 0.1960 124.4000 221.1000 283 14.9000 1 
14.6620 0.1960 124.2000 221.1000 282 15.0000 1 
14.6730 0.1960 124.0000 221.0000 282 15.2000 1 
14.6840 0.1950 123.8000 221.0000 281 15.4000 1 
14.6950 0.1950 123.5000 221.0000 281 15.5000 1 
14.7050 0.1940 123.3000 220.9000 281 15.7000 1 
14.7150 0.1940 123.2000 220.8000 280 15.9000 1 
14.7260 0.1940 123.0000 220.8000 280 16.1000 1 
14.7360 0.1940 122.8000 220.7000 280 16.2000 1 
14.7470 0.1940 122.6000 220.7000 280 16.4000 1 
14.7580 0.1930 122.3000 220.7000 279 16.5000 1 
14.7680 0.1930 122.2000 220.7000 279 16.6000 1 
14.7780 0.1930 122.0000 220.7000 279 16.7000 1 
14.7890 0.1920 121.8000 220.7000 278 16.8000 1 
14.8000 0.1920 121.6000 220.7000 278 16.9000 1 
14.8100 0.1920 121.4000 220.6000 278 16.9000 1 
14.8200 0.1910 121.2000 220.6000 277 17.0000 1 
14.8310 0.1910 121.0000 220.5000 277 17.0000 1 
14.8430 0.1910 120.8000 220.4000 276 17.0000 1 
14.8530 0.1910 120.6000 220.3000 276 17.1000 1 
14.8640 0.1900 120.4000 220.3000 276 17.1000 1 
14.8740 0.1900 120.2000 220.2000 276 17.2000 1 
14.8850 0.1900 120.0000 220.1000 276 17.3000 1 
14.8950 0.1900 119.8000 220.0000 276 17.3000 1 
14.9040 0.1900 119.6000 219.9000 276 17.4000 1 
14.9150 0.1890 119.4000 219.9000 276 17.6000 1 
14.9260 0.1890 119.2000 220.0000 276 17.7000 1 
14.9360 0.1880 119.0000 220.0000 276 17.8000 1 
14.9460 0.1880 118.8000 220.0000 276 18.0000 1 
14.9560 0.1880 118.7000 220.0000 277 18.1000 1 
14.9660 0.1880 118.5000 220.0000 277 18.2000 1 
14.9760 0.1870 118.3000 220.0000 277 18.4000 1 
14.9850 0.1870 118.1000 220.0000 278 18.5000 1 
14.9940 0.1870 117.9000 219.9000 278 18.5000 1 
15.0040 0.1870 117.8000 219.9000 279 18.6000 1 
15.0140 0.1860 117.6000 219.9000 279 18.5000 1 
15.0230 0.1860 117.4000 219.9000 280 18.5000 1 
15.0340 0.1860 117.2000 219.9000 280 18.4000 1 
15.0450 0.1850 117.0000 220.0000 281 18.3000 1 
15.0550 0.1850 116.8000 220.0000 281 18.1000 1 
15.0660 0.1850 116.6000 220.1000 282 18.0000 1 
15.0760 0.1850 116.5000 220.0000 283 17.8000 1 
15.0860 0.1840 116.3000 220.0000 283 17.6000 1 
15.0970 0.1840 116.1000 219.9000 284 17.4000 1 
15.1070 0.1840 115.9000 219.8000 285 17.2000 1 
15.1170 0.1830 115.7000 219.8000 285 17.0000 1 
15.1270 0.1830 115.5000 219.8000 286 16.8000 1 
15.1360 0.1830 115.4000 219.8000 286 16.6000 1 
15.1460 0.1830 115.2000 219.8000 286 16.4000 1 
15.1560 0.1820 115.0000 219.7000 287 16.2000 1 
15.1660 0.1820 114.8000 219.7000 287 15.9000 1 
15.1770 0.1820 114.6000 219.6000 287 15.6000 1 
15.1870 0.1820 114.5000 219.5000 287 15.3000 1 
15.1980 0.1820 114.3000 219.4000 286 15.0000 1 
15.2120 0.1810 114.0000 219.4000 286 14.6000 1 
15.2270 0.1810 113.8000 219.4000 286 14.1000 1 
15.2410 0.1800 113.5000 219.3000 286 13.7000 1 
15.2530 0.1800 113.3000 219.3000 287 13.2000 1 
15.2640 0.1800 113.1000 219.3000 287 12.7000 1 
15.2740 0.1790 112.9000 219.2000 287 12.1000 1 
15.2850 0.1790 112.7000 219.1000 288 11.6000 1 
15.2970 0.1790 112.5000 219.0000 289 11.1000 1 
15.3090 0.1790 112.3000 218.9000 289 10.6000 1 
15.3220 0.1790 112.1000 218.8000 290 10.2000 1 
15.3330 0.1780 111.9000 218.7000 291 9.8000 1 
15.3410 0.1780 111.7000 218.7000 291 9.4000 1 
15.3510 0.1780 111.6000 218.6000 291 9.0000 1 
15.3610 0.1780 111.4000 218.5000 291 8.7000 1 
15.3700 0.1770 111.2000 218.5000 291 8.4000 1 
15.3810 0.1770 111.1000 218.5000 291 8.2000 1 
15.3900 0.1770 110.9000 218.5000 290 8.0000 1 
15.3990 0.1770 110.7000 218.4000 289 7.8000 1 
15.4090 0.1760 110.6000 218.4000 288 7.7000 1 
15.4180 0.1760 110.4000 218.4000 287 7.6000 1 
15.4270 0.1760 110.3000 218.4000 286 7.5000 1 
15.4360 0.1760 110.1000 218.4000 285 7.5000 1 
15.4460 0.1750 109.9000 218.3000 284 7.5000 1 
15.4560 0.1750 109.8000 218.2000 283 7.6000 1 
15.4650 0.1750 109.6000 218.1000 283 7.7000 1 
15.4750 0.1750 109.4000 218.0000 282 7.8000 1 
15.4850 0.1750 109.3000 218.0000 282 8.0000 1 
15.4960 0.1740 109.1000 218.0000 282 8.2000 1 
15.5060 0.1740 108.9000 218.0000 282 8.5000 1 
15.5150 0.1740 108.7000 218.0000 282 8.7000 1 
15.5250 0.1740 108.6000 217.9000 282 9.0000 1 
15.5350 0.1730 108.4000 217.9000 282 9.2000 1 
15.5440 0.1730 108.3000 217.8000 282 9.5000 1 
15.5530 0.1730 108.1000 217.8000 282 9.7000 1 
15.5620 0.1730 107.9000 217.8000 282 9.9000 1 
15.5710 0.1730 107.8000 217.7000 282 10.1000 1 
15.5800 0.1720 107.6000 217.7000 282 10.3000 1 
15.5900 0.1720 107.5000 217.6000 282 10.4000 1 
15.6000 0.1720 107.3000 217.6000 282 10.5000 1 
15.6090 0.1720 107.1000 217.5000 282 10.5000 1 
15.6190 0.1710 107.0000 217.6000 282 10.6000 1 
15.6290 0.1710 106.8000 217.7000 281 10.6000 1 
15.6390 0.1710 106.6000 217.7000 281 10.6000 1 
15.6480 0.1700 106.5000 217.7000 281 10.5000 1 
15.6580 0.1700 106.3000 217.6000 281 10.5000 1 
15.6680 0.1700 106.2000 217.5000 281 10.5000 1 
15.6770 0.1700 106.0000 217.4000 280 10.4000 1 
15.6860 0.1700 105.9000 217.3000 280 10.3000 1 
15.6950 0.1700 105.7000 217.2000 280 10.2000 1 
15.7040 0.1690 105.6000 217.2000 280 10.1000 1 
15.7130 0.1690 105.4000 217.1000 279 10.0000 1 
15.7230 0.1690 105.2000 217.0000 279 9.9000 1 
15.7330 0.1690 105.1000 216.9000 279 9.8000 1 
15.7430 0.1690 104.9000 216.8000 278 9.6000 1 
15.7530 0.1690 104.8000 216.7000 278 9.5000 1 
15.7630 0.1680 104.6000 216.6000 277 9.3000 1 
15.7740 0.1680 104.4000 216.5000 276 9.2000 1 
15.7840 0.1680 104.2000 216.4000 276 9.1000 1 
15.7930 0.1680 104.1000 216.4000 275 9.0000 1 
15.8040 0.1670 103.9000 216.3000 274 8.9000 1 
15.8130 0.1670 103.8000 216.2000 273 8.9000 1 
15.8230 0.1670 103.6000 216.2000 271 8.9000 1 
15.8340 0.1670 103.4000 216.1000 271 8.9000 1 
15.8450 0.1660 103.2000 216.1000 270 9.0000 1 
15.8560 0.1660 103.1000 216.2000 269 9.2000 1 
15.8660 0.1660 102.9000 216.3000 269 9.4000 1 
15.8770 0.1650 102.7000 216.4000 268 9.6000 1 
15.8870 0.1650 102.6000 216.4000 268 9.8000 1 
15.8960 0.1650 102.4000 216.4000 268 10.1000 1 
15.9050 0.1650 102.3000 216.4000 268 10.4000 1 
15.9160 0.1640 102.1000 216.4000 269 10.7000 1 
15.9270 0.1640 101.9000 216.4000 269 11.0000 1 
15.9370 0.1640 101.8000 216.4000 269 11.3000 1 
15.9470 0.1640 101.6000 216.4000 269 11.7000 1 
15.9570 0.1630 101.4000 216.3000 269 12.0000 1 
15.9680 0.1630 101.3000 216.3000 270 12.4000 1 
15.9780 0.1630 101.1000 216.3000 270 12.7000 1 
15.9880 0.1630 100.9000 216.2000 270 13.0000 1 
15.9980 0.1620 100.8000 216.2000 270 13.4000 1 
16.0100 0.1620 100.6000 216.2000 269 13.7000 1 
16.0190 0.1620 100.4000 216.2000 269 13.9000 1 
16.0290 0.1620 100.3000 216.2000 269 14.2000 1 
16.0390 0.1610 100.1000 216.2000 269 14.4000 1 
16.0490 0.1610 100.0000 216.2000 269 14.6000 1 
16.0590 0.1610 99.8000 216.3000 269 14.8000 1 
16.0690 0.1610 99.7000 216.3000 270 14.9000 1 
16.0790 0.1600 99.5000 216.3000 270 15.1000 1 
16.0890 0.1600 99.3000 216.3000 270 15.2000 1 
16.0990 0.1600 99.2000 216.4000 271 15.2000 1 
16.1080 0.1590 99.0000 216.4000 271 15.3000 1 
16.1170 0.1590 98.9000 216.5000 272 15.4000 1 
16.1270 0.1590 98.8000 216.6000 273 15.4000 1 
16.1370 0.1590 98.6000 216.7000 273 15.5000 1 
16.1470 0.1580 98.4000 216.8000 274 15.5000 1 
16.1560 0.1580 98.3000 216.8000 275 15.6000 1 
16.1660 0.1580 98.1000 216.8000 276 15.7000 1 
16.1760 0.1580 98.0000 216.8000 277 15.7000 1 
16.1850 0.1570 97.8000 216.8000 277 15.8000 1 
16.1950 0.1570 97.7000 216.7000 278 15.8000 1 
16.2050 0.1570 97.5000 216.8000 278 15.9000 1 
16.2150 0.1570 97.4000 216.8000 279 15.9000 1 
16.2240 0.1560 97.2000 216.8000 279 15.9000 1 
16.2340 0.1560 97.1000 216.7000 279 15.8000 1 
16.2440 0.1560 96.9000 216.6000 279 15.8000 1 
16.2540 0.1560 96.8000 216.6000 279 15.7000 1 
16.2660 0.1550 96.6000 216.5000 279 15.6000 1 
16.2770 0.1550 96.4000 216.5000 278 15.5000 1 
16.2880 0.1550 96.3000 216.5000 278 15.4000 1 
16.2990 0.1550 96.1000 216.5000 277 15.3000 1 
16.3100 0.1540 95.9000 216.5000 276 15.1000 1 
16.3190 0.1540 95.8000 216.4000 275 15.0000 1 
16.3290 0.1540 95.7000 216.5000 274 14.9000 1 
16.3390 0.1540 95.5000 216.6000 272 14.7000 1 
16.3480 0.1540 95.4000 216.5000 271 14.6000 1 
16.3570 0.1530 95.2000 216.5000 270 14.5000 1 
16.3680 0.1530 95.1000 216.4000 268 14.5000 1 
16.3780 0.1530 94.9000 216.4000 267 14.4000 1 
16.3890 0.1530 94.8000 216.3000 266 14.4000 1 
16.3990 0.1520 94.6000 216.2000 264 14.4000 1 
16.4090 0.1520 94.4000 216.2000 263 14.5000 1 
16.4190 0.1520 94.3000 216.2000 262 14.5000 1 
16.4280 0.1520 94.2000 216.2000 262 14.6000 1 
16.4380 0.1510 94.0000 216.2000 261 14.7000 1 
16.4480 0.1510 93.9000 216.2000 261 14.8000 1 
16.4570 0.1510 93.7000 216.2000 261 14.9000 1 
16.4670 0.1510 93.6000 216.1000 261 15.0000 1 
16.4770 0.1510 93.4000 216.1000 261 15.1000 1 
16.4870 0.1500 93.3000 216.1000 262 15.2000 1 
16.4970 0.1500 93.2000 216.2000 262 15.3000 1 
16.5060 0.1500 93.0000 216.3000 263 15.5000 1 
16.5150 0.1500 92.9000 216.4000 264 15.6000 1 
16.5240 0.1490 92.7000 216.4000 264 15.6000 1 
16.5350 0.1490 92.6000 216.4000 264 15.7000 1 
16.5450 0.1490 92.5000 216.4000 264 15.7000 1 
16.5540 0.1490 92.3000 216.4000 264 15.8000 1 
16.5640 0.1480 92.2000 216.5000 263 15.8000 1 
16.5740 0.1480 92.0000 216.6000 263 15.8000 1 
16.5840 0.1480 91.9000 216.7000 262 15.7000 1 
16.5950 0.1470 91.7000 216.9000 261 15.7000 1 
16.6070 0.1470 91.5000 217.1000 259 15.7000 1 
16.6180 0.1470 91.4000 217.2000 258 15.7000 1 
16.6290 0.1460 91.2000 217.2000 257 15.7000 1 
16.6390 0.1460 91.1000 217.3000 256 15.7000 1 
16.6480 0.1460 91.0000 217.4000 255 15.8000 1 
16.6580 0.1450 90.8000 217.5000 254 15.8000 1 
16.6670 0.1450 90.7000 217.5000 253 15.9000 1 
16.6780 0.1450 90.5000 217.5000 253 16.0000 1 
16.6870 0.1450 90.4000 217.6000 253 16.0000 1 
16.6970 0.1450 90.3000 217.7000 253 16.1000 1 
16.7070 0.1440 90.1000 217.9000 254 16.2000 1 
16.7160 0.1440 90.0000 218.2000 254 16.2000 1 
16.7250 0.1430 89.9000 218.5000 255 16.3000 1 
16.7340 0.1430 89.7000 218.7000 256 16.3000 1 
16.7430 0.1430 89.6000 218.9000 257 16.3000 1 
16.7520 0.1420 89.5000 218.9000 258 16.4000 1 
16.7610 0.1420 89.4000 218.9000 259 16.4000 1 
16.7700 0.1420 89.2000 218.9000 260 16.4000 1 
16.7800 0.1420 89.1000 218.9000 261 16.4000 1 
16.7900 0.1420 89.0000 218.9000 262 16.4000 1 
16.7990 0.1410 88.8000 219.0000 263 16.3000 1 
16.8090 0.1410 88.7000 219.0000 264 16.3000 1 
16.8180 0.1410 88.6000 219.0000 265 16.3000 1 
16.8280 0.1410 88.4000 218.9000 265 16.2000 1 
16.8380 0.1410 88.3000 218.9000 266 16.2000 1 
16.8480 0.1400 88.2000 218.9000 267 16.1000 1 
16.8570 0.1400 88.0000 218.9000 267 16.0000 1 
16.8660 0.1400 87.9000 219.1000 268 15.9000 1 
16.8750 0.1390 87.8000 219.3000 268 15.8000 1 
16.8840 0.1390 87.7000 219.3000 268 15.7000 1 
16.8930 0.1390 87.5000 219.3000 269 15.6000 1 
16.9020 0.1390 87.4000 219.3000 269 15.4000 1 
16.9110 0.1390 87.3000 219.3000 269 15.3000 1 
16.9210 0.1390 87.2000 219.2000 270 15.1000 1 
16.9310 0.1380 87.0000 219.2000 270 14.9000 1 
16.9410 0.1380 86.9000 219.1000 271 14.8000 1 
16.9510 0.1380 86.8000 219.1000 271 14.7000 1 
16.9600 0.1380 86.6000 219.1000 272 14.5000 1 
16.9690 0.1370 86.5000 219.3000 273 14.4000 1 
16.9780 0.1370 86.4000 219.4000 273 14.3000 1 
16.9880 0.1370 86.3000 219.4000 274 14.3000 1 
16.9980 0.1370 86.1000 219.5000 274 14.2000 1 
17.0090 0.1370 86.0000 219.5000 275 14.2000 1 
17.0190 0.1360 85.8000 219.5000 275 14.2000 1 
17.0300 0.1360 85.7000 219.4000 276 14.2000 1 
17.0400 0.1360 85.6000 219.4000 276 14.2000 1 
17.0500 0.1360 85.4000 219.3000 276 14.1000 1 
17.0600 0.1360 85.3000 219.2000 276 14.1000 1 
17.0700 0.1350 85.2000 219.1000 276 14.0000 1 
17.0800 0.1350 85.0000 219.1000 276 13.9000 1 
17.0900 0.1350 84.9000 219.0000 275 13.7000 1 
17.1000 0.1350 84.8000 219.0000 275 13.6000 1 
17.1110 0.1350 84.6000 219.0000 274 13.4000 1 
17.1220 0.1340 84.5000 219.0000 274 13.1000 1 
17.1330 0.1340 84.3000 219.0000 273 12.9000 1 
17.1440 0.1340 84.2000 219.1000 273 12.7000 1 
17.1540 0.1340 84.1000 219.2000 272 12.4000 1 
17.1640 0.1330 83.9000 219.2000 272 12.2000 1 
17.1730 0.1330 83.8000 219.3000 271 12.0000 1 
17.1830 0.1330 83.7000 219.3000 271 11.8000 1 
17.1930 0.1330 83.5000 219.2000 271 11.6000 1 
17.2030 0.1330 83.4000 219.2000 271 11.4000 1 
17.2130 0.1320 83.3000 219.2000 272 11.3000 1 
17.2230 0.1320 83.2000 219.2000 272 11.2000 1 
17.2320 0.1320 83.0000 219.1000 273 11.2000 1 
17.2420 0.1320 82.9000 219.1000 274 11.2000 1 
17.2520 0.1320 82.8000 219.2000 275 11.2000 1 
17.2620 0.1310 82.6000 219.2000 276 11.2000 1 
17.2730 0.1310 82.5000 219.2000 277 11.3000 1 
17.2840 0.1310 82.4000 219.2000 278 11.4000 1 
17.2940 0.1310 82.2000 219.2000 279 11.5000 1 
17.3040 0.1300 82.1000 219.3000 279 11.6000 1 
17.3150 0.1300 82.0000 219.3000 280 11.8000 1 
17.3250 0.1300 81.8000 219.3000 280 11.9000 1 
17.3360 0.1300 81.7000 219.2000 281 12.1000 1 
17.3460 0.1300 81.6000 219.1000 281 12.2000 1 
17.3560 0.1290 81.4000 219.1000 281 12.3000 1 
17.3670 0.1290 81.3000 219.0000 281 12.4000 1 
17.3770 0.1290 81.2000 219.0000 281 12.5000 1 
17.3880 0.1290 81.0000 218.9000 281 12.6000 1 
17.3990 0.1290 80.9000 218.9000 281 12.7000 1 
17.4100 0.1290 80.8000 218.8000 280 12.7000 1 
17.4210 0.1280 80.6000 218.7000 280 12.7000 1 
17.4320 0.1280 80.5000 218.7000 280 12.7000 1 
17.4430 0.1280 80.3000 218.6000 280 12.6000 1 
17.4540 0.1280 80.2000 218.6000 280 12.6000 1 
17.4640 0.1280 80.1000 218.6000 280 12.5000 1 
17.4740 0.1280 80.0000 218.6000 280 12.4000 1 
17.4840 0.1270 79.8000 218.6000 280 12.2000 1 
17.4940 0.1270 79.7000 218.6000 280 12.1000 1 
17.5050 0.1270 79.6000 218.5000 281 11.9000 1 
17.5160 0.1270 79.4000 218.4000 281 11.8000 1 
17.5260 0.1270 79.3000 218.4000 281 11.6000 1 
17.5370 0.1260 79.2000 218.4000 281 11.4000 1 
17.5470 0.1260 79.1000 218.4000 282 11.2000 1 
17.5570 0.1260 78.9000 218.3000 282 11.0000 1 
17.5680 0.1260 78.8000 218.3000 283 10.8000 1 
17.5780 0.1260 78.7000 218.3000 283 10.5000 1 
17.5880 0.1250 78.5000 218.2000 284 10.3000 1 
17.5990 0.1250 78.4000 218.1000 285 10.1000 1 
17.6100 0.1250 78.3000 218.1000 285 9.9000 1 
17.6200 0.1250 78.1000 218.0000 286 9.7000 1 
17.6310 0.1250 78.0000 217.9000 286 9.5000 1 
17.6420 0.1250 77.9000 217.9000 287 9.4000 1 
17.6520 0.1240 77.8000 217.8000 287 9.2000 1 
17.6620 0.1240 77.6000 217.7000 287 9.0000 1 
17.6720 0.1240 77.5000 217.7000 288 8.9000 1 
17.6830 0.1240 77.4000 217.6000 288 8.8000 1 
17.6940 0.1240 77.2000 217.5000 287 8.6000 1 
17.7050 0.1240 77.1000 217.4000 287 8.5000 1 
17.7160 0.1230 77.0000 217.3000 287 8.3000 1 
17.7280 0.1230 76.8000 217.2000 286 8.2000 1 
17.7380 0.1230 76.7000 217.1000 286 8.1000 1 
17.7500 0.1230 76.6000 217.0000 285 7.9000 1 
17.7610 0.1230 76.4000 216.9000 285 7.8000 1 
17.7710 0.1230 76.3000 216.9000 284 7.7000 1 
17.7820 0.1220 76.2000 216.8000 283 7.5000 1 
17.7920 0.1220 76.1000 216.7000 282 7.4000 1 
17.8020 0.1220 75.9000 216.7000 281 7.3000 1 
17.8130 0.1220 75.8000 216.6000 280 7.1000 1 
17.8230 0.1220 75.7000 216.5000 279 7.0000 1 
17.8330 0.1220 75.6000 216.4000 277 6.9000 1 
17.8440 0.1210 75.4000 216.4000 276 6.8000 1 
17.8560 0.1210 75.3000 216.3000 274 6.7000 1 
17.8670 0.1210 75.2000 216.2000 273 6.6000 1 
17.8780 0.1210 75.0000 216.2000 271 6.5000 1 
17.8880 0.1210 74.9000 216.2000 269 6.4000 1 
17.8980 0.1210 74.8000 216.1000 267 6.4000 1 
17.9090 0.1200 74.7000 216.1000 265 6.4000 1 
17.9200 0.1200 74.5000 216.0000 263 6.3000 1 
17.9310 0.1200 74.4000 215.9000 262 6.3000 1 
17.9420 0.1200 74.3000 215.8000 261 6.4000 1 
17.9510 0.1200 74.2000 215.7000 260 6.4000 1 
17.9610 0.1200 74.1000 215.7000 259 6.4000 1 
17.9720 0.1190 73.9000 215.6000 258 6.5000 1 
17.9830 0.1190 73.8000 215.5000 258 6.5000 1 
17.9930 0.1190 73.7000 215.5000 258 6.6000 1 
18.0030 0.1190 73.6000 215.5000 259 6.6000 1 
18.0140 0.1190 73.4000 215.5000 259 6.7000 1 
18.0250 0.1190 73.3000 215.5000 259 6.7000 1 
18.0360 0.1180 73.2000 215.5000 260 6.8000 1 
18.0460 0.1180 73.1000 215.4000 261 6.9000 1 
18.0560 0.1180 73.0000 215.3000 262 7.0000 1 
18.0670 0.1180 72.8000 215.2000 263 7.1000 1 
18.0780 0.1180 72.7000 215.1000 264 7.3000 1 
18.0890 0.1180 72.6000 215.0000 265 7.4000 1 
18.1000 0.1170 72.4000 214.9000 266 7.6000 1 
18.1110 0.1170 72.3000 214.7000 267 7.9000 1 
18.1220 0.1170 72.2000 214.6000 268 8.1000 1 
18.1320 0.1170 72.1000 214.6000 269 8.4000 1 
18.1420 0.1170 72.0000 214.6000 271 8.7000 1 
18.1520 0.1170 71.9000 214.5000 272 9.0000 1 
18.1620 0.1160 71.7000 214.5000 273 9.3000 1 
18.1730 0.1160 71.6000 214.5000 274 9.6000 1 
18.1830 0.1160 71.5000 214.4000 275 9.9000 1 
18.1930 0.1160 71.4000 214.5000 276 10.2000 1 
18.2020 0.1160 71.3000 214.5000 277 10.5000 1 
18.2120 0.1160 71.2000 214.5000 278 10.8000 1 
18.2220 0.1150 71.1000 214.5000 279 11.1000 1 
18.2310 0.1150 70.9000 214.6000 280 11.3000 1 
18.2420 0.1150 70.8000 214.6000 281 11.6000 1 
18.2530 0.1150 70.7000 214.5000 282 11.8000 1 
18.2630 0.1150 70.6000 214.5000 283 12.0000 1 
18.2730 0.1150 70.5000 214.4000 283 12.2000 1 
18.2840 0.1140 70.4000 214.4000 284 12.4000 1 
18.2950 0.1140 70.2000 214.3000 285 12.5000 1 
18.3050 0.1140 70.1000 214.3000 285 12.7000 1 
18.3150 0.1140 70.0000 214.4000 286 12.8000 1 
18.3250 0.1140 69.9000 214.4000 287 12.9000 1 
18.3350 0.1130 69.8000 214.4000 287 13.0000 1 
18.3460 0.1130 69.7000 214.4000 288 13.0000 1 
18.3570 0.1130 69.5000 214.3000 288 13.0000 1 
18.3670 0.1130 69.4000 214.3000 289 13.0000 1 
18.3780 0.1130 69.3000 214.3000 290 12.9000 1 
18.3880 0.1130 69.2000 214.3000 290 12.9000 1 
18.3980 0.1120 69.1000 214.3000 291 12.8000 1 
18.4080 0.1120 69.0000 214.3000 292 12.6000 1 
18.4190 0.1120 68.9000 214.3000 292 12.5000 1 
18.4290 0.1120 68.7000 214.2000 293 12.3000 1 
18.4390 0.1120 68.6000 214.2000 294 12.1000 1 
18.4500 0.1110 68.5000 214.2000 294 11.9000 1 
18.4610 0.1110 68.4000 214.2000 295 11.7000 1 
18.4710 0.1110 68.3000 214.2000 296 11.4000 1 
18.4820 0.1110 68.2000 214.2000 296 11.2000 1 
18.4940 0.1110 68.0000 214.1000 297 11.0000 1 
18.5060 0.1110 67.9000 214.1000 297 10.7000 1 
18.5170 0.1100 67.8000 214.0000 297 10.5000 1 
18.5270 0.1100 67.7000 214.0000 298 10.2000 1 
18.5370 0.1100 67.6000 213.9000 298 10.0000 1 
18.5480 0.1100 67.5000 213.9000 299 9.7000 1 
18.5600 0.1100 67.3000 213.8000 299 9.4000 1 
18.5710 0.1100 67.2000 213.8000 299 9.1000 1 
18.5830 0.1090 67.1000 213.7000 299 8.8000 1 
18.5930 0.1090 67.0000 213.7000 300 8.4000 1 
18.6030 0.1090 66.9000 213.6000 300 8.1000 1 
18.6150 0.1090 66.7000 213.6000 300 7.7000 1 
18.6250 0.1090 66.6000 213.5000 299 7.4000 1 
18.6360 0.1090 66.5000 213.5000 299 7.0000 1 
18.6470 0.1080 66.4000 213.4000 298 6.6000 1 
18.6580 0.1080 66.3000 213.4000 297 6.3000 1 
18.6690 0.1080 66.2000 213.3000 295 5.9000 1 
18.6800 0.1080 66.0000 213.3000 293 5.6000 1 
18.6910 0.1080 65.9000 213.2000 291 5.4000 1 
18.7020 0.1070 65.8000 213.3000 288 5.1000 1 
18.7130 0.1070 65.7000 213.3000 285 4.9000 1 
18.7240 0.1070 65.6000 213.3000 281 4.8000 1 
18.7340 0.1070 65.5000 213.3000 278 4.7000 1 
18.7450 0.1070 65.4000 213.4000 274 4.6000 1 
18.7560 0.1070 65.2000 213.3000 270 4.6000 1 
18.7670 0.1060 65.1000 213.4000 267 4.7000 1 
18.7770 0.1060 65.0000 213.4000 264 4.7000 1 
18.7880 0.1060 64.9000 213.5000 261 4.8000 1 
18.7980 0.1060 64.8000 213.5000 258 4.9000 1 
18.8080 0.1060 64.7000 213.5000 256 5.1000 1 
18.8180 0.1050 64.6000 213.4000 254 5.2000 1 
18.8300 0.1050 64.5000 213.4000 253 5.4000 1 
18.8410 0.1050 64.4000 213.3000 251 5.6000 1 
18.8520 0.1050 64.3000 213.2000 250 5.8000 1 
18.8620 0.1050 64.1000 213.2000 249 6.0000 1 
18.8740 0.1050 64.0000 213.1000 248 6.3000 1 
18.8850 0.1040 63.9000 213.2000 248 6.6000 1 
18.8950 0.1040 63.8000 213.3000 247 6.9000 1 
18.9050 0.1040 63.7000 213.3000 247 7.2000 1 
18.9160 0.1040 63.6000 213.3000 247 7.6000 1 
18.9280 0.1040 63.5000 213.4000 247 7.9000 1 
18.9380 0.1030 63.4000 213.5000 247 8.3000 1 
18.9480 0.1030 63.3000 213.6000 248 8.6000 1 
18.9580 0.1030 63.2000 213.6000 248 9.0000 1 
18.9670 0.1030 63.1000 213.8000 249 9.3000 1 
18.9770 0.1030 63.0000 214.0000 250 9.6000 1 
18.9870 0.1020 62.9000 214.2000 251 10.0000 1 
18.9970 0.1020 62.8000 214.3000 252 10.3000 1 
19.0070 0.1020 62.7000 214.5000 253 10.5000 1 
19.0170 0.1020 62.6000 214.8000 254 10.8000 1 
19.0270 0.1010 62.5000 215.0000 256 11.0000 1 
19.0370 0.1010 62.4000 215.2000 258 11.3000 1 
19.0460 0.1010 62.3000 215.3000 259 11.5000 1 
19.0550 0.1010 62.2000 215.3000 261 11.7000 1 
19.0650 0.1000 62.1000 215.3000 263 11.9000 1 
19.0740 0.1000 62.0000 215.5000 265 12.1000 1 
19.0840 0.1000 61.9000 215.7000 267 12.4000 1 
19.0950 0.1000 61.8000 215.8000 268 12.6000 1 
19.1050 0.1000 61.7000 215.9000 270 12.8000 1 
19.1150 0.0990 61.6000 216.0000 271 13.0000 1 
19.1250 0.0990 61.5000 216.2000 273 13.2000 1 
19.1350 0.0990 61.4000 216.2000 274 13.3000 1 
19.1440 0.0990 61.3000 216.2000 275 13.5000 1 
19.1540 0.0990 61.2000 216.2000 276 13.6000 1 
19.1640 0.0980 61.1000 216.2000 277 13.7000 1 
19.1720 0.0980 61.1000 216.2000 278 13.8000 1 
19.1820 0.0980 61.0000 216.2000 279 13.8000 1 
19.1920 0.0980 60.9000 216.2000 280 13.8000 1 
19.2020 0.0980 60.8000 216.1000 281 13.8000 1 
19.2130 0.0980 60.7000 216.0000 281 13.7000 1 
19.2220 0.0980 60.6000 216.0000 282 13.6000 1 
19.2310 0.0980 60.5000 216.0000 283 13.5000 1 
19.2400 0.0970 60.4000 216.0000 283 13.3000 1 
19.2510 0.0970 60.3000 216.0000 284 13.2000 1 
19.2620 0.0970 60.2000 216.1000 285 13.1000 1 
19.2710 0.0970 60.1000 216.1000 286 13.0000 1 
19.2810 0.0970 60.0000 216.1000 287 12.9000 1 
19.2900 0.0970 59.9000 216.1000 287 12.8000 1 
19.2990 0.0960 59.8000 216.1000 288 12.7000 1 
19.3090 0.0960 59.8000 216.1000 289 12.7000 1 
19.3200 0.0960 59.7000 216.1000 290 12.7000 1 
19.3290 0.0960 59.6000 216.1000 292 12.7000 1 
19.3390 0.0960 59.5000 216.1000 293 12.7000 1 
19.3480 0.0960 59.4000 216.1000 294 12.8000 1 
19.3580 0.0960 59.3000 216.1000 295 12.8000 1 
19.3680 0.0950 59.2000 216.1000 296 12.8000 1 
19.3790 0.0950 59.1000 216.1000 297 12.9000 1 
19.3880 0.0950 59.0000 216.1000 298 12.9000 1 
19.3980 0.0950 58.9000 216.1000 299 12.9000 1 
19.4090 0.0950 58.8000 216.2000 300 12.8000 1 
19.4200 0.0950 58.7000 216.2000 301 12.8000 1 
19.4300 0.0940 58.6000 216.2000 302 12.7000 1 
19.4400 0.0940 58.5000 216.2000 302 12.6000 1 
19.4510 0.0940 58.4000 216.2000 303 12.5000 1 
19.4600 0.0940 58.3000 216.1000 303 12.3000 1 
19.4710 0.0940 58.2000 216.1000 303 12.2000 1 
19.4810 0.0940 58.2000 216.0000 303 12.1000 1 
19.4920 0.0940 58.1000 216.0000 303 11.9000 1 
19.5030 0.0930 57.9000 216.0000 303 11.8000 1 
19.5140 0.0930 57.8000 215.9000 304 11.6000 1 
19.5240 0.0930 57.8000 215.9000 304 11.5000 1 
19.5340 0.0930 57.7000 215.8000 304 11.4000 1 
19.5450 0.0930 57.6000 215.8000 305 11.3000 1 
19.5570 0.0930 57.5000 215.8000 305 11.2000 1 
19.5680 0.0930 57.4000 215.9000 306 11.1000 1 
19.5780 0.0920 57.3000 215.9000 307 11.1000 1 
19.5890 0.0920 57.2000 215.9000 308 11.1000 1 
19.6000 0.0920 57.1000 215.9000 310 11.1000 1 
19.6110 0.0920 57.0000 215.9000 311 11.2000 1 
19.6210 0.0920 56.9000 215.8000 312 11.3000 1 
19.6320 0.0920 56.8000 215.8000 314 11.3000 1 
19.6430 0.0920 56.7000 215.7000 315 11.4000 1 
19.6540 0.0910 56.6000 215.6000 317 11.5000 1 
19.6660 0.0910 56.5000 215.5000 318 11.6000 1 
19.6760 0.0910 56.4000 215.4000 319 11.7000 1 
19.6870 0.0910 56.3000 215.4000 321 11.8000 1 
19.6980 0.0910 56.2000 215.4000 322 11.9000 1 
19.7090 0.0910 56.1000 215.3000 323 11.9000 1 
19.7200 0.0910 56.0000 215.2000 324 12.0000 1 
19.7290 0.0910 55.9000 215.2000 324 12.0000 1 
19.7400 0.0900 55.8000 215.1000 325 12.0000 1 
19.7510 0.0900 55.7000 215.0000 326 12.1000 1 
19.7620 0.0900 55.6000 214.9000 326 12.1000 1 
19.7710 0.0900 55.5000 214.9000 327 12.2000 1 
19.7810 0.0900 55.4000 215.0000 327 12.2000 1 
19.7920 0.0900 55.4000 215.0000 328 12.3000 1 
19.8030 0.0900 55.3000 214.9000 328 12.3000 1 
19.8120 0.0890 55.2000 214.9000 328 12.4000 1 
19.8230 0.0890 55.1000 214.8000 328 12.4000 1 
19.8340 0.0890 55.0000 214.7000 328 12.4000 1 
19.8450 0.0890 54.9000 214.6000 328 12.4000 1 
19.8550 0.0890 54.8000 214.6000 328 12.4000 1 
19.8650 0.0890 54.7000 214.5000 328 12.3000 1 
19.8760 0.0890 54.6000 214.5000 328 12.2000 1 
19.8860 0.0890 54.5000 214.4000 328 12.0000 1 
19.8960 0.0880 54.4000 214.4000 329 11.9000 1 
19.9070 0.0880 54.3000 214.4000 329 11.7000 1 
19.9170 0.0880 54.3000 214.4000 329 11.4000 1 
19.9280 0.0880 54.2000 214.3000 329 11.2000 1 
19.9390 0.0880 54.1000 214.3000 329 10.9000 1 
19.9500 0.0880 54.0000 214.2000 329 10.6000 1 
19.9590 0.0880 53.9000 214.2000 329 10.3000 1 
19.9700 0.0880 53.8000 214.1000 329 9.9000 1 
19.9820 0.0870 53.7000 214.0000 330 9.6000 1 
19.9930 0.0870 53.6000 214.0000 330 9.3000 1 
20.0040 0.0870 53.5000 213.9000 329 9.0000 1 
20.0160 0.0870 53.4000 213.9000 329 8.7000 1 
20.0270 0.0870 53.3000 213.8000 329 8.5000 1 
20.0380 0.0870 53.2000 213.8000 329 8.2000 1 
20.0490 0.0870 53.1000 213.7000 328 8.0000 1 
20.0590 0.0860 53.0000 213.7000 328 7.8000 1 
20.0690 0.0860 53.0000 213.6000 327 7.6000 1 
20.0790 0.0860 52.9000 213.5000 326 7.4000 1 
20.0900 0.0860 52.8000 213.5000 325 7.3000 1 
20.1000 0.0860 52.7000 213.5000 325 7.1000 1 
20.1110 0.0860 52.6000 213.4000 324 7.0000 1 
20.1200 0.0860 52.5000 213.4000 323 7.0000 1 
20.1290 0.0860 52.5000 213.4000 322 6.9000 1 
20.1390 0.0860 52.4000 213.4000 321 6.9000 1 
20.1490 0.0850 52.3000 213.3000 321 6.8000 1 
20.1590 0.0850 52.2000 213.3000 320 6.8000 1 
20.1690 0.0850 52.1000 213.2000 320 6.8000 1 
20.1780 0.0850 52.0000 213.2000 319 6.8000 1 
20.1890 0.0850 52.0000 213.3000 319 6.9000 1 
20.1990 0.0850 51.9000 213.5000 319 6.9000 1 
20.2070 0.0840 51.8000 213.6000 319 6.9000 1 
20.2160 0.0840 51.7000 213.6000 319 7.0000 1 
20.2270 0.0840 51.6000 213.5000 320 7.0000 1 
20.2390 0.0840 51.5000 213.5000 320 7.1000 1 
20.2500 0.0840 51.4000 213.5000 320 7.1000 1 
20.2600 0.0840 51.4000 213.4000 320 7.2000 1 
20.2700 0.0840 51.3000 213.4000 320 7.2000 1 
20.2820 0.0840 51.2000 213.3000 319 7.3000 1 
20.2930 0.0840 51.1000 213.2000 319 7.4000 1 
20.3030 0.0830 51.0000 213.1000 319 7.4000 1 
20.3120 0.0830 50.9000 213.1000 319 7.5000 1 
20.3220 0.0830 50.9000 213.0000 319 7.6000 1 
20.3340 0.0830 50.8000 213.0000 320 7.6000 1 
20.3450 0.0830 50.7000 213.0000 320 7.7000 1 
20.3550 0.0830 50.6000 213.0000 320 7.8000 1 
20.3650 0.0830 50.5000 213.0000 320 7.8000 1 
20.3750 0.0820 50.4000 213.0000 320 7.9000 1 
20.3870 0.0820 50.3000 212.9000 320 8.0000 1 
20.3990 0.0820 50.2000 212.9000 320 8.1000 1 
20.4100 0.0820 50.2000 212.8000 320 8.2000 1 
20.4200 0.0820 50.1000 212.8000 319 8.3000 1 
20.4310 0.0820 50.0000 212.8000 319 8.5000 1 
20.4420 0.0820 49.9000 212.8000 318 8.6000 1 
20.4530 0.0820 49.8000 212.7000 316 8.7000 1 
20.4630 0.0810 49.7000 212.6000 315 8.9000 1 
20.4740 0.0810 49.6000 212.6000 313 9.0000 1 
20.4860 0.0810 49.5000 212.5000 312 9.2000 1 
20.4990 0.0810 49.4000 212.4000 310 9.4000 1 
20.5090 0.0810 49.4000 212.3000 308 9.5000 1 
20.5200 0.0810 49.3000 212.4000 306 9.7000 1 
20.5320 0.0810 49.2000 212.4000 305 9.9000 1 
20.5430 0.0810 49.1000 212.4000 303 10.1000 1 
20.5540 0.0800 49.0000 212.4000 302 10.2000 1 
20.5640 0.0800 48.9000 212.5000 300 10.4000 1 
20.5750 0.0800 48.8000 212.7000 299 10.6000 1 
20.5860 0.0800 48.8000 212.7000 299 10.8000 1 
20.5960 0.0800 48.7000 212.6000 298 11.0000 1 
20.6080 0.0800 48.6000 212.6000 298 11.2000 1 
20.6190 0.0790 48.5000 212.9000 298 11.4000 1 
20.6310 0.0790 48.4000 213.2000 298 11.6000 1 
20.6430 0.0790 48.3000 213.4000 298 11.8000 1 
20.6530 0.0790 48.2000 213.4000 299 12.0000 1 
20.6640 0.0790 48.1000 213.4000 299 12.3000 1 
20.6750 0.0790 48.1000 213.3000 299 12.5000 1 
20.6860 0.0780 48.0000 213.2000 299 12.7000 1 
20.6970 0.0780 47.9000 213.2000 300 12.8000 1 
20.7090 0.0780 47.8000 213.5000 300 13.0000 1 
20.7200 0.0780 47.7000 213.6000 300 13.2000 1 
20.7300 0.0780 47.6000 213.7000 300 13.3000 1 
20.7400 0.0780 47.6000 213.7000 300 13.4000 1 
20.7500 0.0770 47.5000 213.8000 300 13.5000 1 
20.7610 0.0770 47.4000 213.8000 300 13.6000 1 
20.7720 0.0770 47.3000 213.8000 301 13.7000 1 
20.7820 0.0770 47.2000 213.8000 301 13.7000 1 
20.7920 0.0770 47.2000 213.7000 301 13.7000 1 
20.8030 0.0770 47.1000 213.6000 302 13.7000 1 
20.8120 0.0770 47.0000 213.6000 303 13.7000 1 
20.8220 0.0770 46.9000 213.6000 303 13.6000 1 
20.8310 0.0770 46.9000 213.6000 304 13.5000 1 
20.8420 0.0760 46.8000 213.6000 305 13.4000 1 
20.8530 0.0760 46.7000 213.6000 306 13.3000 1 
20.8640 0.0760 46.6000 213.7000 307 13.2000 1 
20.8750 0.0760 46.5000 213.8000 308 13.0000 1 
20.8850 0.0760 46.5000 213.8000 309 12.9000 1 
20.8960 0.0760 46.4000 213.9000 310 12.7000 1 
20.9050 0.0750 46.3000 213.9000 311 12.5000 1 
20.9160 0.0750 46.2000 213.9000 312 12.3000 1 
20.9270 0.0750 46.2000 213.9000 313 12.2000 1 
20.9370 0.0750 46.1000 213.9000 313 12.0000 1 
20.9480 0.0750 46.0000 213.9000 314 11.8000 1 
20.9580 0.0750 45.9000 213.9000 314 11.6000 1 
20.9690 0.0750 45.9000 213.9000 315 11.4000 1 
20.9780 0.0750 45.8000 213.8000 315 11.2000 1 
20.9890 0.0750 45.7000 213.7000 314 11.0000 1 
20.9990 0.0740 45.6000 213.6000 314 10.8000 1 
21.0090 0.0740 45.6000 213.6000 314 10.6000 1 
21.0190 0.0740 45.5000 213.5000 313 10.4000 1 
21.0290 0.0740 45.4000 213.4000 312 10.2000 1 
21.0400 0.0740 45.3000 213.3000 311 10.0000 1 
21.0500 0.0740 45.3000 213.3000 311 9.8000 1 
21.0600 0.0740 45.2000 213.2000 310 9.6000 1 
21.0710 0.0740 45.1000 213.2000 309 9.4000 1 
21.0820 0.0740 45.0000 213.2000 308 9.2000 1 
21.0920 0.0740 45.0000 213.2000 307 9.1000 1 
21.1030 0.0730 44.9000 213.3000 306 9.0000 1 
21.1140 0.0730 44.8000 213.3000 305 8.9000 1 
21.1250 0.0730 44.7000 213.2000 305 8.8000 1 
21.1350 0.0730 44.6000 213.1000 304 8.7000 1 
21.1460 0.0730 44.6000 213.1000 303 8.6000 1 
21.1560 0.0730 44.5000 213.0000 302 8.5000 1 
21.1660 0.0730 44.4000 212.9000 302 8.5000 1 
21.1750 0.0730 44.4000 213.0000 301 8.5000 1 
21.1860 0.0720 44.3000 213.1000 300 8.5000 1 
21.1970 0.0720 44.2000 213.2000 300 8.5000 1 
21.2070 0.0720 44.1000 213.3000 299 8.5000 1 
21.2170 0.0720 44.1000 213.3000 299 8.5000 1 
21.2290 0.0720 44.0000 213.3000 298 8.5000 1 
21.2390 0.0720 43.9000 213.3000 298 8.6000 1 
21.2470 0.0720 43.9000 213.3000 298 8.7000 1 
21.2580 0.0720 43.8000 213.4000 298 8.8000 1 
21.2690 0.0710 43.7000 213.7000 299 8.8000 1 
21.2800 0.0710 43.6000 214.0000 299 8.9000 1 
21.2900 0.0710 43.6000 214.0000 300 9.0000 1 
21.3010 0.0710 43.5000 214.1000 301 9.0000 1 
21.3130 0.0710 43.4000 214.2000 302 9.0000 1 
21.3240 0.0700 43.3000 214.2000 303 9.0000 1 
21.3340 0.0700 43.2000 214.2000 304 9.0000 1 
21.3460 0.0700 43.2000 214.4000 305 8.9000 1 
21.3570 0.0700 43.1000 214.6000 306 8.8000 1 
21.3690 0.0700 43.0000 214.8000 307 8.7000 1 
21.3800 0.0700 42.9000 214.9000 308 8.6000 1 
21.3910 0.0700 42.9000 215.0000 309 8.4000 1 
21.4040 0.0690 42.8000 215.1000 309 8.3000 1 
21.4150 0.0690 42.7000 215.2000 310 8.2000 1 
21.4260 0.0690 42.6000 215.2000 310 8.1000 1 
21.4390 0.0690 42.5000 215.2000 310 7.9000 1 
21.4510 0.0690 42.5000 215.2000 310 7.8000 1 
21.4620 0.0690 42.4000 215.1000 309 7.8000 1 
21.4730 0.0690 42.3000 215.0000 309 7.7000 1 
21.4850 0.0680 42.2000 214.9000 308 7.6000 1 
21.4960 0.0680 42.1000 214.8000 307 7.6000 1 
21.5080 0.0680 42.1000 214.7000 306 7.6000 1 
21.5200 0.0680 42.0000 214.7000 305 7.6000 1 
21.5330 0.0680 41.9000 214.6000 304 7.6000 1 
21.5450 0.0680 41.8000 214.5000 302 7.6000 1 
21.5570 0.0680 41.7000 214.4000 301 7.6000 1 
21.5700 0.0680 41.7000 214.4000 300 7.6000 1 
21.5810 0.0680 41.6000 214.3000 298 7.7000 1 
21.5950 0.0680 41.5000 214.2000 297 7.7000 1 
21.6080 0.0670 41.4000 214.1000 295 7.8000 1 
21.6210 0.0670 41.3000 214.0000 294 7.8000 1 
21.6330 0.0670 41.2000 213.9000 293 7.9000 1 
21.6450 0.0670 41.2000 213.8000 292 8.0000 1 
21.6570 0.0670 41.1000 213.7000 290 8.1000 1 
21.6700 0.0670 41.0000 213.6000 289 8.2000 1 
21.6830 0.0670 40.9000 213.5000 288 8.3000 1 
21.6950 0.0670 40.8000 213.4000 287 8.4000 1 
21.7080 0.0670 40.8000 213.4000 287 8.5000 1 
21.7210 0.0660 40.7000 213.3000 286 8.6000 1 
21.7340 0.0660 40.6000 213.3000 286 8.7000 1 
21.7480 0.0660 40.5000 213.2000 286 8.7000 1 
21.7610 0.0660 40.4000 213.1000 286 8.8000 1 
21.7740 0.0660 40.3000 213.0000 287 8.8000 1 
21.7880 0.0660 40.2000 213.0000 287 8.8000 1 
21.8010 0.0660 40.1000 212.9000 288 8.8000 1 
21.8130 0.0660 40.1000 212.9000 289 8.8000 1 
21.8250 0.0650 40.0000 212.8000 290 8.8000 1 
21.8380 0.0650 39.9000 212.8000 291 8.8000 1 
21.8510 0.0650 39.8000 212.9000 293 8.8000 1 
21.8640 0.0650 39.7000 212.9000 294 8.8000 1 
21.8750 0.0650 39.7000 212.8000 296 8.8000 1 
21.8880 0.0650 39.6000 212.8000 297 8.9000 1 
21.9000 0.0650 39.5000 212.8000 299 8.9000 1 
21.9120 0.0650 39.4000 212.8000 300 9.0000 1 
21.9240 0.0650 39.4000 212.8000 301 9.0000 1 
21.9340 0.0640 39.3000 212.8000 303 9.1000 1 
21.9460 0.0640 39.2000 212.7000 304 9.1000 1 
21.9580 0.0640 39.1000 212.6000 305 9.2000 1 
21.9700 0.0640 39.1000 212.7000 307 9.2000 1 
21.9820 0.0640 39.0000 212.8000 308 9.2000 1 
21.9930 0.0640 38.9000 212.9000 309 9.3000 1 
22.0050 0.0640 38.9000 212.8000 311 9.3000 1 
22.0170 0.0640 38.8000 212.7000 312 9.3000 1 
22.0280 0.0630 38.7000 212.7000 314 9.3000 1 
22.0390 0.0630 38.6000 212.8000 315 9.3000 1 
22.0500 0.0630 38.6000 212.8000 317 9.3000 1 
22.0620 0.0630 38.5000 212.8000 318 9.3000 1 
22.0730 0.0630 38.4000 212.8000 319 9.3000 1 
22.0850 0.0630 38.4000 212.7000 320 9.4000 1 
22.0970 0.0630 38.3000 212.6000 321 9.4000 1 
22.1090 0.0630 38.2000 212.5000 322 9.4000 1 
22.1190 0.0630 38.1000 212.4000 322 9.5000 1 
22.1300 0.0630 38.1000 212.3000 323 9.6000 1 
22.1420 0.0620 38.0000 212.2000 323 9.7000 1 
22.1530 0.0620 37.9000 212.2000 323 9.8000 1 
22.1640 0.0620 37.9000 212.1000 323 10.0000 1 
22.1750 0.0620 37.8000 212.1000 324 10.1000 1 
22.1840 0.0620 37.7000 212.2000 324 10.3000 1 
22.1960 0.0620 37.7000 212.3000 324 10.5000 1 
22.2070 0.0620 37.6000 212.4000 325 10.7000 1 
22.2180 0.0620 37.5000 212.4000 325 10.9000 1 
22.2290 0.0620 37.5000 212.3000 326 11.1000 1 
22.2380 0.0610 37.4000 212.3000 326 11.3000 1 
22.2490 0.0610 37.4000 212.3000 327 11.6000 1 
22.2600 0.0610 37.3000 212.3000 328 11.8000 1 
22.2720 0.0610 37.2000 212.3000 328 11.9000 1 
22.2820 0.0610 37.2000 212.3000 329 12.1000 1 
22.2930 0.0610 37.1000 212.3000 329 12.2000 1 
22.3030 0.0610 37.0000 212.2000 330 12.3000 1 
22.3130 0.0610 37.0000 212.2000 330 12.3000 1 
22.3250 0.0610 36.9000 212.2000 330 12.3000 1 
22.3350 0.0600 36.8000 212.2000 330 12.3000 1 
22.3450 0.0600 36.8000 212.2000 330 12.2000 1 
22.3550 0.0600 36.7000 212.2000 330 12.0000 1 
22.3670 0.0600 36.7000 212.2000 330 11.8000 1 
22.3780 0.0600 36.6000 212.2000 329 11.6000 1 
22.3880 0.0600 36.5000 212.3000 328 11.3000 1 
22.3990 0.0600 36.5000 212.3000 327 11.0000 1 
22.4100 0.0600 36.4000 212.3000 326 10.7000 1 
22.4210 0.0600 36.3000 212.3000 324 10.4000 1 
22.4310 0.0600 36.3000 212.3000 322 10.1000 1 
22.4430 0.0590 36.2000 212.4000 320 9.9000 1 
22.4550 0.0590 36.1000 212.4000 318 9.6000 1 
22.4660 0.0590 36.1000 212.4000 316 9.4000 1 
22.4770 0.0590 36.0000 212.4000 314 9.3000 1 
22.4870 0.0590 35.9000 212.4000 311 9.1000 1 
22.5010 0.0590 35.9000 212.3000 309 9.0000 1 
22.5130 0.0590 35.8000 212.3000 307 9.0000 1 
22.5220 0.0590 35.7000 212.3000 305 9.0000 1 
22.5340 0.0590 35.7000 212.3000 303 8.9000 1 
22.5450 0.0580 35.6000 212.5000 301 8.9000 1 
22.5570 0.0580 35.6000 212.6000 300 9.0000 1 
22.5680 0.0580 35.5000 212.7000 299 9.0000 1 
22.5790 0.0580 35.4000 212.7000 298 9.0000 1 
22.5910 0.0580 35.4000 212.7000 298 9.0000 1 
22.6040 0.0580 35.3000 212.7000 297 9.0000 1 
22.6160 0.0580 35.2000 212.7000 297 9.0000 1 
22.6280 0.0570 35.1000 212.7000 298 9.1000 1 
22.6400 0.0580 35.1000 212.6000 298 9.1000 1 
22.6530 0.0570 35.0000 212.6000 299 9.2000 1 
22.6650 0.0570 34.9000 212.5000 300 9.3000 1 
22.6770 0.0570 34.9000 212.4000 301 9.4000 1 
22.6890 0.0570 34.8000 212.3000 302 9.6000 1 
22.7010 0.0570 34.7000 212.3000 303 9.7000 1 
22.7140 0.0570 34.7000 212.4000 304 9.9000 1 
22.7260 0.0570 34.6000 212.3000 305 10.1000 1 
22.7380 0.0570 34.5000 212.3000 305 10.2000 1 
22.7490 0.0570 34.5000 212.5000 306 10.4000 1 
22.7610 0.0560 34.4000 212.6000 306 10.5000 1 
22.7740 0.0560 34.3000 212.7000 307 10.6000 1 
22.7850 0.0560 34.3000 212.7000 307 10.6000 1 
22.7980 0.0560 34.2000 212.7000 307 10.6000 1 
22.8110 0.0560 34.1000 212.7000 307 10.5000 1 
22.8220 0.0560 34.1000 212.7000 308 10.4000 1 
22.8320 0.0560 34.0000 212.6000 308 10.3000 1 
22.8450 0.0560 33.9000 212.5000 308 10.2000 1 
22.8580 0.0560 33.9000 212.5000 308 10.0000 1 
22.8710 0.0550 33.8000 212.4000 308 9.9000 1 
22.8830 0.0550 33.7000 212.3000 309 9.7000 1 
22.8960 0.0550 33.7000 212.2000 309 9.5000 1 
22.9080 0.0550 33.6000 212.1000 309 9.4000 1 
22.9200 0.0550 33.5000 212.0000 309 9.2000 1 
22.9320 0.0550 33.5000 211.9000 309 9.1000 1 
22.9450 0.0550 33.4000 211.9000 309 8.9000 1 
22.9560 0.0550 33.3000 212.0000 309 8.8000 1 
22.9670 0.0550 33.3000 212.1000 309 8.7000 1 
22.9800 0.0550 33.2000 212.2000 309 8.6000 1 
22.9920 0.0540 33.1000 212.3000 309 8.6000 1 
23.0040 0.0540 33.1000 212.2000 308 8.5000 1 
23.0170 0.0540 33.0000 212.3000 308 8.5000 1 
23.0290 0.0540 33.0000 212.3000 307 8.5000 1 
23.0410 0.0540 32.9000 212.2000 307 8.4000 1 
23.0520 0.0540 32.8000 212.1000 306 8.5000 1 
23.0630 0.0540 32.8000 212.1000 306 8.5000 1 
23.0740 0.0540 32.7000 212.0000 305 8.5000 1 
23.0870 0.0540 32.6000 211.9000 304 8.6000 1 
23.1010 0.0540 32.6000 211.8000 303 8.6000 1 
23.1140 0.0530 32.5000 211.7000 303 8.7000 1 
23.1250 0.0530 32.4000 211.6000 302 8.7000 1 
23.1370 0.0530 32.4000 211.5000 301 8.8000 1 
23.1500 0.0530 32.3000 211.4000 300 8.8000 1 
23.1630 0.0530 32.2000 211.4000 300 8.8000 1 
23.1750 0.0530 32.2000 211.3000 300 8.8000 1 
23.1880 0.0530 32.1000 211.2000 300 8.8000 1 
23.2010 0.0530 32.1000 211.2000 300 8.7000 1 
23.2120 0.0530 32.0000 211.1000 301 8.6000 1 
23.2250 0.0530 31.9000 211.1000 302 8.5000 1 
23.2390 0.0530 31.9000 211.0000 303 8.4000 1 
23.2510 0.0530 31.8000 210.9000 304 8.2000 1 
23.2620 0.0520 31.7000 211.0000 306 8.1000 1 
23.2740 0.0520 31.7000 211.0000 308 7.9000 1 
23.2870 0.0520 31.6000 210.9000 310 7.8000 1 
23.3000 0.0520 31.5000 210.8000 311 7.8000 1 
23.3120 0.0520 31.5000 210.9000 313 7.7000 1 
23.3220 0.0520 31.4000 210.9000 315 7.7000 1 
23.3340 0.0520 31.4000 210.8000 316 7.7000 1 
23.3470 0.0520 31.3000 210.7000 317 7.8000 1 
23.3590 0.0520 31.2000 210.6000 318 7.9000 1 
23.3690 0.0520 31.2000 210.5000 319 8.1000 1 
23.3800 0.0510 31.1000 210.5000 319 8.2000 1 
23.3910 0.0520 31.1000 210.4000 319 8.5000 1 
23.4040 0.0510 31.0000 210.5000 319 8.7000 1 
23.4170 0.0510 30.9000 210.5000 319 9.0000 1 
23.4290 0.0510 30.9000 210.6000 318 9.4000 1 
23.4390 0.0510 30.8000 210.6000 318 9.7000 1 
23.4520 0.0510 30.8000 210.5000 317 10.0000 1 
23.4670 0.0510 30.7000 210.4000 316 10.3000 1 
23.4790 0.0510 30.6000 210.4000 316 10.6000 1 
23.4910 0.0510 30.6000 210.3000 315 10.9000 1 
23.5030 0.0510 30.5000 210.3000 315 11.2000 1 
23.5140 0.0510 30.5000 210.3000 314 11.4000 1 
23.5260 0.0500 30.4000 210.2000 314 11.6000 1 
23.5380 0.0500 30.3000 210.2000 314 11.8000 1 
23.5480 0.0500 30.3000 210.1000 313 11.9000 1 
23.5600 0.0500 30.2000 210.1000 313 12.0000 1 
23.5720 0.0500 30.2000 210.0000 314 12.1000 1 
23.5830 0.0500 30.1000 210.1000 314 12.1000 1 
23.5950 0.0500 30.1000 210.2000 314 12.1000 1 
23.6080 0.0500 30.0000 210.5000 315 12.0000 1 
23.6190 0.0490 29.9000 210.6000 315 12.0000 1 
23.6300 0.0490 29.9000 210.6000 316 11.9000 1 
23.6410 0.0490 29.8000 210.5000 317 11.7000 1 
23.6520 0.0490 29.8000 210.5000 317 11.6000 1 
23.6640 0.0490 29.7000 210.4000 318 11.5000 1 
23.6760 0.0490 29.7000 210.3000 318 11.3000 1 
23.6870 0.0490 29.6000 210.2000 319 11.2000 1 
23.6970 0.0490 29.6000 210.2000 319 11.1000 1 
23.7090 0.0490 29.5000 210.1000 320 11.0000 1 
23.7200 0.0490 29.5000 209.9000 320 11.0000 1 
23.7310 0.0490 29.4000 209.9000 320 10.9000 1 
23.7420 0.0490 29.4000 209.8000 320 10.9000 1 
23.7540 0.0490 29.3000 209.9000 320 10.9000 1 
23.7660 0.0480 29.2000 210.1000 320 10.9000 1 
23.7770 0.0480 29.2000 210.3000 320 11.0000 1 
23.7880 0.0480 29.1000 210.4000 320 11.0000 1 
23.7980 0.0480 29.1000 210.5000 320 11.0000 1 
23.8070 0.0480 29.0000 210.7000 320 11.1000 1 
23.8180 0.0480 29.0000 210.9000 320 11.1000 1 
23.8280 0.0480 28.9000 211.1000 320 11.1000 1 
23.8390 0.0480 28.9000 211.2000 320 11.1000 1 
23.8510 0.0480 28.8000 211.2000 320 11.0000 1 
23.8630 0.0480 28.8000 211.2000 320 11.0000 1 
23.8740 0.0470 28.7000 211.2000 320 10.9000 1 
23.8840 0.0470 28.7000 211.2000 320 10.8000 1 
23.8950 0.0470 28.6000 211.2000 319 10.7000 1 
23.9060 0.0470 28.6000 211.2000 319 10.7000 1 
